dataset,algorithm,hybrid_accuracy_train,hybrid_reject_train,hybrid_kappa_train,hybrid_accuracy_test,hybrid_reject_test,hybrid_kappa_test
174,1x5_Dynamic_Binary_Shallow,0.99943182,0.00000000,0.02994370,0.91276316,0.00000000,0.16762076
19,1x5_Dynamic_Binary_Shallow,0.99639925,0.00000000,0.44220365,0.98842250,0.00000000,0.44255566
212,1x5_Dynamic_Binary_Shallow,0.98369176,0.00000000,0.21210924,0.83064516,0.00000000,0.29315983
43,1x5_Dynamic_Binary_Shallow,0.77577668,0.00000000,0.25335897,0.74505376,0.00000000,0.22672699
451,1x5_Dynamic_Binary_Shallow,0.91763278,0.00000000,0.05610496,0.76818182,0.00000000,0.10721723
52,1x5_Dynamic_Binary_Shallow,0.96692084,0.00000000,0.35734868,0.92162698,0.00000000,0.23127907
174,1x5_Dynamic_Double_AR_Shallow,0.99960317,0.24786364,0.02836086,0.93911996,0.27934211,0.17220823
19,1x5_Dynamic_Double_AR_Shallow,0.99826581,0.14078549,0.29893304,0.99765064,0.15017307,0.31079826
212,1x5_Dynamic_Double_AR_Shallow,0.99851461,0.38942652,0.14407737,0.93319821,0.39838710,0.25619962
43,1x5_Dynamic_Double_AR_Shallow,0.84060969,0.26561397,0.18026174,0.80984267,0.26150538,0.15490255
451,1x5_Dynamic_Double_AR_Shallow,0.96423028,0.52090201,0.03839517,0.77996032,0.53750000,0.01919457
52,1x5_Dynamic_Double_AR_Shallow,0.98971467,0.26684549,0.20786986,0.95683177,0.33496032,0.16951846
174,1x5_Dynamic_Double_GB_Shallow,0.99926972,0.22080682,0.03075998,0.93977147,0.23815789,0.18141784
19,1x5_Dynamic_Double_GB_Shallow,0.99595298,0.11188245,0.35408179,0.99317172,0.11805854,0.35820457
212,1x5_Dynamic_Double_GB_Shallow,0.99521351,0.35663082,0.15667287,0.92864947,0.35967742,0.28181058
43,1x5_Dynamic_Double_GB_Shallow,0.83874567,0.24928986,0.18397318,0.80554912,0.25155914,0.14678320
451,1x5_Dynamic_Double_GB_Shallow,0.96143153,0.40456960,0.05570479,0.75463745,0.35909091,0.01009861
52,1x5_Dynamic_Double_GB_Shallow,0.98103431,0.14499146,0.33425040,0.94075681,0.16523810,0.19858681
174,1x5_Dynamic_Ternary_Shallow,0.99961832,0.19687987,0.02803086,0.94010226,0.23065789,0.17607469
19,1x5_Dynamic_Ternary_Shallow,0.99486522,0.14120232,0.27076508,0.99530952,0.14584958,0.28425499
212,1x5_Dynamic_Ternary_Shallow,0.99193555,0.29874552,0.14513332,0.89082986,0.29516129,0.28173241
43,1x5_Dynamic_Ternary_Shallow,0.83511019,0.23924308,0.20675601,0.79403804,0.23252688,0.13077232
451,1x5_Dynamic_Ternary_Shallow,0.95961419,0.41216575,0.05491133,0.71106241,0.38522727,0.01682614
52,1x5_Dynamic_Ternary_Shallow,0.98813632,0.26906872,0.20025733,0.92586952,0.25797619,0.09085729
174,1x5_Dynamic_Binary_Deep,0.99943019,0.00000000,0.03009307,0.91263158,0.00000000,0.17220184
19,1x5_Dynamic_Binary_Deep,0.99852100,0.00000000,0.86944529,0.98379318,0.00000000,0.79461522
212,1x5_Dynamic_Binary_Deep,0.98315412,0.00000000,0.26947044,0.82419355,0.00000000,0.29760601
43,1x5_Dynamic_Binary_Deep,0.77740909,0.00000000,0.37073036,0.74172043,0.00000000,0.19261941
451,1x5_Dynamic_Binary_Deep,0.91524267,0.00000000,0.05932002,0.76818182,0.00000000,0.02390273
52,1x5_Dynamic_Binary_Deep,0.97467651,0.00000000,0.78036965,0.92162698,0.00000000,0.26418190
174,1x5_Dynamic_Double_AR_Deep,0.99966667,0.17551136,0.03269225,0.94413165,0.22105263,0.19125478
19,1x5_Dynamic_Double_AR_Deep,0.99883622,0.03305028,0.70673875,0.98970000,0.04254604,0.64895425
212,1x5_Dynamic_Double_AR_Deep,0.99899223,0.27508961,0.21617744,0.91527472,0.30806452,0.30178384
43,1x5_Dynamic_Double_AR_Deep,0.91058192,0.29992688,0.38066114,0.80095666,0.34462366,0.12153760
451,1x5_Dynamic_Double_AR_Deep,0.99194495,0.53634158,0.05968081,0.72154762,0.53484848,-0.10318362
52,1x5_Dynamic_Double_AR_Deep,0.99981413,0.13548373,0.51331711,0.93942420,0.20793651,0.18005821
174,1x5_Dynamic_Double_GB_Deep,0.99934853,0.16667857,0.03249686,0.94035188,0.18486842,0.18152875
19,1x5_Dynamic_Double_GB_Deep,0.99849275,0.02109046,0.81062511,0.98693689,0.02662656,0.72696306
212,1x5_Dynamic_Double_GB_Deep,0.99762479,0.25627240,0.23038743,0.89911993,0.25483871,0.30570501
43,1x5_Dynamic_Double_GB_Deep,0.87989323,0.23585639,0.33967521,0.78510884,0.24645161,0.11367495
451,1x5_Dynamic_Double_GB_Deep,0.98549922,0.47028388,0.06733418,0.73312590,0.37954545,-0.05271152
52,1x5_Dynamic_Double_GB_Deep,0.99912074,0.08609956,0.72732342,0.92594525,0.06547619,0.21905683
174,1x5_Dynamic_Ternary_Deep,0.99967532,0.15331006,0.03675484,0.93143265,0.17907895,0.14553802
19,1x5_Dynamic_Ternary_Deep,0.99826614,0.01874338,0.81580945,0.98070975,0.02692062,0.66011269
212,1x5_Dynamic_Ternary_Deep,0.99905194,0.24157706,0.25462422,0.88644218,0.22258065,0.31870863
43,1x5_Dynamic_Ternary_Deep,0.95182185,0.28703491,0.54598879,0.79095403,0.30397849,0.10187754
451,1x5_Dynamic_Ternary_Deep,0.99344738,0.47087454,0.07516659,0.73972222,0.42992424,0.00732720
52,1x5_Dynamic_Ternary_Deep,0.99982143,0.08720715,0.73739288,0.92008486,0.15095238,0.11250586
