dataset,algorithm,hybrid_accuracy_train,hybrid_glass_train,hybrid_black_train,hybrid_reject_train,hybrid_kappa_train,hybrid_accuracy_test,hybrid_glass_test,hybrid_black_test,hybrid_reject_test,hybrid_kappa_test
151,3x5_Dynamic_Binary_Shallow,0.99476562,0.26872056,0.73127944,0.00000000,0.02840272,0.81790476,0.30647619,0.69352381,0.00000000,0.10110699
17,3x5_Dynamic_Binary_Shallow,0.99441513,0.73329100,0.26670900,0.00000000,0.11841031,0.96063283,0.71288221,0.28711779,0.00000000,0.26553692
174,3x5_Dynamic_Binary_Shallow,0.99954416,0.43818052,0.56181948,0.00000000,0.02329267,0.91073684,0.44457895,0.55542105,0.00000000,0.14410008
176,3x5_Dynamic_Binary_Shallow,0.82029149,0.70356211,0.29643789,0.00000000,0.26963152,0.78475676,0.69810811,0.30189189,0.00000000,0.22671090
19,3x5_Dynamic_Binary_Shallow,0.99323548,0.64229751,0.35770249,0.00000000,0.44897302,0.98391249,0.64339696,0.35660304,0.00000000,0.44472465
212,3x5_Dynamic_Binary_Shallow,0.98523297,0.51870968,0.48129032,0.00000000,0.20319630,0.82838710,0.50258065,0.49741935,0.00000000,0.27964276
267,3x5_Dynamic_Binary_Shallow,0.99794302,0.73613576,0.26386424,0.00000000,0.17535069,0.98994288,0.73193378,0.26806622,0.00000000,0.18785451
329,3x5_Dynamic_Binary_Shallow,0.89029812,0.38648470,0.61351530,0.00000000,0.14372376,0.68688756,0.38683058,0.61316942,0.00000000,0.13169823
43,3x5_Dynamic_Binary_Shallow,0.77545375,0.62184769,0.37815231,0.00000000,0.23417756,0.75154839,0.61361290,0.38638710,0.00000000,0.24547248
451,3x5_Dynamic_Binary_Shallow,0.92050733,0.33532601,0.66467399,0.00000000,0.04652815,0.78181818,0.37833333,0.62166667,0.00000000,0.04272200
519,3x5_Dynamic_Binary_Shallow,0.91906347,0.68799807,0.31200193,0.00000000,0.35644672,0.84073563,0.65567816,0.34432184,0.00000000,0.12179866
52,3x5_Dynamic_Binary_Shallow,0.96612879,0.77639321,0.22360679,0.00000000,0.38624820,0.92196825,0.76184127,0.23815873,0.00000000,0.25837985
537,3x5_Dynamic_Binary_Shallow,0.98951442,0.47986538,0.52013462,0.00000000,0.05583428,0.86107143,0.45535714,0.54464286,0.00000000,0.04355983
545,3x5_Dynamic_Binary_Shallow,0.93575386,0.73765529,0.26234471,0.00000000,0.27864676,0.92776903,0.73385827,0.26614173,0.00000000,0.26865139
563,3x5_Dynamic_Binary_Shallow,0.97611993,0.78375309,0.21624691,0.00000000,0.33730216,0.95409524,0.78342857,0.21657143,0.00000000,0.36729316
850,3x5_Dynamic_Binary_Shallow,0.91234568,0.66098765,0.33901235,0.00000000,0.29926208,0.87066667,0.65555556,0.34444444,0.00000000,0.23467476
863,3x5_Dynamic_Binary_Shallow,0.89125581,0.45597301,0.54402699,0.00000000,0.30000385,0.84749175,0.45210833,0.54789167,0.00000000,0.28909164
887,3x5_Dynamic_Binary_Shallow,0.86485223,0.74728145,0.25271855,0.00000000,0.26928295,0.84240861,0.74469549,0.25530451,0.00000000,0.22172085
891,3x5_Dynamic_Binary_Shallow,0.86866393,0.63551806,0.36448194,0.00000000,0.26674402,0.86667613,0.63564254,0.36435746,0.00000000,0.26750907
94,3x5_Dynamic_Binary_Shallow,0.96971669,0.62791679,0.37208321,0.00000000,0.13931471,0.94370744,0.62325370,0.37674630,0.00000000,0.16575619
96,3x5_Dynamic_Binary_Shallow,0.96520989,0.65501141,0.34498859,0.00000000,0.61138114,0.80358974,0.63381766,0.36618234,0.00000000,0.33080283
151,3x5_Dynamic_Double_AR_Shallow,0.99447291,0.23132097,0.31972067,0.44895836,0.02436563,0.84160862,0.24204762,0.30947619,0.44847619,0.07836852
17,3x5_Dynamic_Double_AR_Shallow,0.99802471,0.67014308,0.10221111,0.22764582,0.07931129,0.98045083,0.65170426,0.11911028,0.22918546,0.19459191
174,3x5_Dynamic_Double_AR_Shallow,0.99968123,0.42496104,0.28204091,0.29299805,0.02222511,0.94725617,0.41247368,0.27452632,0.31300000,0.15881136
176,3x5_Dynamic_Double_AR_Shallow,0.87480883,0.66054572,0.03945565,0.29999863,0.21111687,0.85710139,0.65317117,0.03687568,0.30995315,0.18214851
19,3x5_Dynamic_Double_AR_Shallow,0.99686190,0.61225606,0.22030510,0.16743884,0.30623381,0.99548638,0.60959806,0.22210714,0.16829480,0.31607130
212,3x5_Dynamic_Double_AR_Shallow,0.99652593,0.49813620,0.12043011,0.38143369,0.14249864,0.92866509,0.47290323,0.13354839,0.39354839,0.26368873
267,3x5_Dynamic_Double_AR_Shallow,0.99922119,0.57616159,0.09350657,0.33033184,0.05620084,0.99333995,0.57401460,0.09152015,0.33446525,0.06602114
329,3x5_Dynamic_Double_AR_Shallow,0.93159840,0.15138433,0.14698372,0.70163195,0.07350362,0.78596351,0.14301799,0.15534633,0.70163568,0.06174402
43,3x5_Dynamic_Double_AR_Shallow,0.84821742,0.60303320,0.10762319,0.28934361,0.19434673,0.81737907,0.59866667,0.11501075,0.28632258,0.18668763
451,3x5_Dynamic_Double_AR_Shallow,0.97005031,0.20000733,0.22777839,0.57221429,0.02754104,0.81350000,0.18106061,0.24196970,0.57696970,0.01398968
519,3x5_Dynamic_Double_AR_Shallow,0.96667397,0.52940989,0.12643701,0.34415310,0.24176623,0.88450608,0.48747126,0.15436782,0.35816092,0.11287670
52,3x5_Dynamic_Double_AR_Shallow,0.98723693,0.65642636,0.10040587,0.24316777,0.23612040,0.95326808,0.61706349,0.11623810,0.26669841,0.20259255
537,3x5_Dynamic_Double_AR_Shallow,0.99771355,0.42865385,0.27786058,0.29348558,0.05709802,0.87933333,0.37750000,0.32535714,0.29714286,0.05481312
545,3x5_Dynamic_Double_AR_Shallow,0.98314267,0.71865267,0.03771945,0.24362788,0.26724836,0.97832177,0.71627297,0.03931759,0.24440945,0.26140002
563,3x5_Dynamic_Double_AR_Shallow,0.99108858,0.74720988,0.03152028,0.22126984,0.22273913,0.98464667,0.74717460,0.03066667,0.22215873,0.26682303
850,3x5_Dynamic_Double_AR_Shallow,0.95756630,0.59691358,0.05575309,0.34733333,0.22537774,0.93199288,0.59355556,0.05777778,0.34866667,0.18707328
863,3x5_Dynamic_Double_AR_Shallow,0.96890645,0.21619778,0.13900970,0.64479252,0.11839026,0.93683254,0.20197243,0.14080567,0.65722190,0.11430945
887,3x5_Dynamic_Double_AR_Shallow,0.92534368,0.59539500,0.07822743,0.32637758,0.23747378,0.91166418,0.58753381,0.07725558,0.33521060,0.20407590
891,3x5_Dynamic_Double_AR_Shallow,0.93952056,0.61847612,0.05849977,0.32302411,0.25125553,0.93931415,0.61851545,0.05837275,0.32311179,0.25312825
94,3x5_Dynamic_Double_AR_Shallow,0.98292875,0.42840082,0.12403102,0.44756816,0.06576152,0.96885420,0.42407045,0.12540564,0.45052391,0.08082634
96,3x5_Dynamic_Double_AR_Shallow,0.99316287,0.54133333,0.04669710,0.41196957,0.31235992,0.93943531,0.49809117,0.07353276,0.42837607,0.28459223
151,3x5_Dynamic_Double_GB_Shallow,0.99115154,0.26872056,0.31972067,0.41155877,0.02602965,0.83663078,0.30647619,0.30947619,0.38404762,0.09326764
17,3x5_Dynamic_Double_GB_Shallow,0.99378820,0.73329100,0.10221111,0.16449790,0.08726703,0.97756896,0.71288221,0.11911028,0.16800752,0.24289067
174,3x5_Dynamic_Double_GB_Shallow,0.99941247,0.43818052,0.28204091,0.27977857,0.02257342,0.93954001,0.44457895,0.27452632,0.28089474,0.14992993
176,3x5_Dynamic_Double_GB_Shallow,0.86345763,0.70356211,0.03945565,0.25698224,0.19439592,0.84808760,0.69810811,0.03687568,0.26501622,0.17401691
19,3x5_Dynamic_Double_GB_Shallow,0.99222256,0.64229751,0.22030510,0.13739739,0.34892963,0.98838312,0.64339696,0.22210714,0.13449590,0.35284527
212,3x5_Dynamic_Double_GB_Shallow,0.99472032,0.51870968,0.12043011,0.36086022,0.14969224,0.92135866,0.50258065,0.13354839,0.36387097,0.26977470
267,3x5_Dynamic_Double_GB_Shallow,0.99753512,0.73613576,0.09350657,0.17035767,0.11934424,0.98979885,0.73193378,0.09152015,0.17654607,0.13000605
329,3x5_Dynamic_Double_GB_Shallow,0.83092452,0.38648470,0.14698372,0.46653159,0.10370497,0.73709166,0.38683058,0.15534633,0.45782309,0.10283009
43,3x5_Dynamic_Double_GB_Shallow,0.84421955,0.62184769,0.10762319,0.27052912,0.19206281,0.81638608,0.61361290,0.11501075,0.27137634,0.19119995
451,3x5_Dynamic_Double_GB_Shallow,0.96328336,0.33532601,0.22777839,0.43689560,0.04672225,0.79542857,0.37833333,0.24196970,0.37969697,0.04616051
519,3x5_Dynamic_Double_GB_Shallow,0.93884770,0.68799807,0.12643701,0.18556492,0.32260430,0.86286017,0.65567816,0.15436782,0.18995402,0.10850326
52,3x5_Dynamic_Double_GB_Shallow,0.97602397,0.77639321,0.10040587,0.12320092,0.35904634,0.93476546,0.76184127,0.11623810,0.12192063,0.23638856
537,3x5_Dynamic_Double_GB_Shallow,0.99583562,0.47986538,0.27786058,0.24227404,0.06453868,0.87861905,0.45535714,0.32535714,0.21928571,0.05217897
545,3x5_Dynamic_Double_GB_Shallow,0.98072224,0.73765529,0.03771945,0.22462526,0.27660504,0.97669033,0.73385827,0.03931759,0.22682415,0.27314216
563,3x5_Dynamic_Double_GB_Shallow,0.98262215,0.78375309,0.03152028,0.18472663,0.23717168,0.97712873,0.78342857,0.03066667,0.18590476,0.28685354
850,3x5_Dynamic_Double_GB_Shallow,0.94677093,0.66098765,0.05575309,0.28325926,0.24054512,0.92177977,0.65555556,0.05777778,0.28666667,0.19887973
863,3x5_Dynamic_Double_GB_Shallow,0.88176591,0.45597301,0.13900970,0.40501729,0.18632003,0.85278775,0.45210833,0.14080567,0.40708600,0.17869750
887,3x5_Dynamic_Double_GB_Shallow,0.89607934,0.74728145,0.07822743,0.17449113,0.23727324,0.88584847,0.74469549,0.07725558,0.17804892,0.20821714
891,3x5_Dynamic_Double_GB_Shallow,0.93742160,0.63551806,0.05849977,0.30598216,0.25853573,0.93727368,0.63564254,0.05837275,0.30598471,0.26075244
94,3x5_Dynamic_Double_GB_Shallow,0.96016281,0.62791679,0.12403102,0.24805218,0.10031184,0.95104572,0.62325370,0.12540564,0.25134066,0.12630681
96,3x5_Dynamic_Double_GB_Shallow,0.98181432,0.65501141,0.04669710,0.29829149,0.44724248,0.90049100,0.63381766,0.07353276,0.29264957,0.28628225
151,3x5_Dynamic_Ternary_Shallow,0.99004583,0.25663215,0.33163670,0.41173114,0.02500727,0.82778269,0.27238095,0.33509524,0.39252381,0.07644925
17,3x5_Dynamic_Ternary_Shallow,0.99596473,0.67733324,0.14699021,0.17567655,0.07907441,0.97776254,0.66255639,0.16637218,0.17107143,0.19734800
174,3x5_Dynamic_Ternary_Shallow,0.99909749,0.41799351,0.33669675,0.24530974,0.02155822,0.95107519,0.40394737,0.31484211,0.28121053,0.16541170
176,3x5_Dynamic_Ternary_Shallow,0.85852319,0.61574182,0.12108470,0.26317349,0.16803897,0.83594887,0.61518919,0.11857297,0.26623784,0.15930738
19,3x5_Dynamic_Ternary_Shallow,0.99665421,0.59113892,0.26556216,0.14329892,0.27428901,0.99608984,0.59085563,0.26179124,0.14735314,0.29441830
212,3x5_Dynamic_Ternary_Shallow,0.99107999,0.47017921,0.23577061,0.29405018,0.14260520,0.88599346,0.45806452,0.26064516,0.28129032,0.25508634
267,3x5_Dynamic_Ternary_Shallow,0.99937939,0.63904524,0.22117268,0.13978207,0.09719028,0.99278697,0.63196763,0.21878028,0.14925209,0.10779505
329,3x5_Dynamic_Ternary_Shallow,0.84816444,0.33941568,0.25261231,0.40797200,0.08329408,0.74412733,0.33153373,0.25890555,0.40956072,0.09062162
43,3x5_Dynamic_Ternary_Shallow,0.83761888,0.58242161,0.17401739,0.24356100,0.19835866,0.79987263,0.57419355,0.18881720,0.23698925,0.17552844
451,3x5_Dynamic_Ternary_Shallow,0.95146674,0.23994139,0.31221429,0.44784432,0.03509786,0.80025325,0.23530303,0.35530303,0.40939394,0.03971175
519,3x5_Dynamic_Ternary_Shallow,0.94497357,0.63957841,0.02237257,0.33804902,0.23073054,0.87316071,0.60032184,0.02137931,0.37829885,0.10754236
52,3x5_Dynamic_Ternary_Shallow,0.98200853,0.63070384,0.14055234,0.22874382,0.21656273,0.92025156,0.61411111,0.14933333,0.23655556,0.10475256
537,3x5_Dynamic_Ternary_Shallow,0.99563973,0.44786538,0.30989904,0.24223558,0.05955690,0.86416667,0.42464286,0.31535714,0.26000000,-0.03077893
545,3x5_Dynamic_Ternary_Shallow,0.97917555,0.72503937,0.02270050,0.25226013,0.24783364,0.97153239,0.72430446,0.02094488,0.25475066,0.24034214
563,3x5_Dynamic_Ternary_Shallow,0.98428223,0.74507231,0.13180247,0.12312522,0.23528604,0.97272754,0.74393651,0.13066667,0.12539683,0.27747892
850,3x5_Dynamic_Ternary_Shallow,0.95550547,0.61207407,0.06832099,0.31960494,0.22309796,0.91611130,0.60644444,0.06911111,0.32444444,0.19555742
863,3x5_Dynamic_Ternary_Shallow,0.90383415,0.41794811,0.34236407,0.23968782,0.20497435,0.86387495,0.41565715,0.33843914,0.24590371,0.19619946
887,3x5_Dynamic_Ternary_Shallow,0.90833826,0.67663589,0.00324854,0.32011557,0.18970784,0.89252149,0.67856751,0.00359881,0.31783368,0.16216149
891,3x5_Dynamic_Ternary_Shallow,0.91147231,0.62396563,0.07212271,0.30391166,0.21160191,0.90984835,0.62381583,0.07208609,0.30409808,0.21238385
94,3x5_Dynamic_Ternary_Shallow,0.96631175,0.55906160,0.16441282,0.27652557,0.08486274,0.95397163,0.55514326,0.16662077,0.27823597,0.10759790
96,3x5_Dynamic_Ternary_Shallow,0.98303080,0.63427490,0.02388728,0.34183783,0.38510425,0.87652761,0.62054131,0.03658120,0.34287749,0.19985167
151,3x5_Dynamic_Binary_Deep,0.99893162,0.17972750,0.82027250,0.00000000,0.02315172,0.82833333,0.22690476,0.77309524,0.00000000,0.07530130
17,3x5_Dynamic_Binary_Deep,0.99773476,0.78176101,0.21823899,0.00000000,0.19429398,0.95676065,0.74057644,0.25942356,0.00000000,0.25008497
174,3x5_Dynamic_Binary_Deep,0.99954416,0.43988506,0.56011494,0.00000000,0.02328803,0.91073684,0.44878947,0.55121053,0.00000000,0.14968200
176,3x5_Dynamic_Binary_Deep,0.82061843,0.69497502,0.30502498,0.00000000,0.31918278,0.78529369,0.68795315,0.31204685,0.00000000,0.21471382
19,3x5_Dynamic_Binary_Deep,0.99904838,0.80066751,0.19933249,0.00000000,0.82707195,0.98622059,0.79491666,0.20508334,0.00000000,0.76634537
212,3x5_Dynamic_Binary_Deep,0.98458781,0.54293907,0.45706093,0.00000000,0.22550677,0.82645161,0.52774194,0.47225806,0.00000000,0.28912354
267,3x5_Dynamic_Binary_Deep,0.99998379,0.86010419,0.13989581,0.00000000,0.37637356,0.99110864,0.83443034,0.16556966,0.00000000,0.33536826
329,3x5_Dynamic_Binary_Deep,0.93854630,0.30031905,0.69968095,0.00000000,0.23206626,0.68776612,0.31939280,0.68060720,0.00000000,0.11255000
43,3x5_Dynamic_Binary_Deep,0.77516337,0.62148617,0.37851383,0.00000000,0.24432001,0.75154839,0.61098925,0.38901075,0.00000000,0.24167285
451,3x5_Dynamic_Binary_Deep,0.91532234,0.20483333,0.79516667,0.00000000,0.03785827,0.77515152,0.25454545,0.74545455,0.00000000,0.04210233
519,3x5_Dynamic_Binary_Deep,0.94351508,0.82229547,0.17770453,0.00000000,0.89629127,0.83540230,0.77949425,0.22050575,0.00000000,0.09262120
52,3x5_Dynamic_Binary_Deep,0.97530882,0.86300261,0.13699739,0.00000000,0.76593647,0.91741270,0.81242857,0.18757143,0.00000000,0.22993222
537,3x5_Dynamic_Binary_Deep,0.98982692,0.46568750,0.53431250,0.00000000,0.05466478,0.86107143,0.42714286,0.57285714,0.00000000,0.03773002
545,3x5_Dynamic_Binary_Deep,0.93594051,0.85568971,0.14431029,0.00000000,0.61761212,0.92766404,0.80020997,0.19979003,0.00000000,0.27136257
563,3x5_Dynamic_Binary_Deep,0.98699824,0.85283245,0.14716755,0.00000000,0.60621305,0.95561905,0.84584127,0.15415873,0.00000000,0.48036024
850,3x5_Dynamic_Binary_Deep,0.91508642,0.80950617,0.19049383,0.00000000,0.78135068,0.86733333,0.74022222,0.25977778,0.00000000,0.31063051
863,3x5_Dynamic_Binary_Deep,0.92134459,0.40753994,0.59246006,0.00000000,0.36919042,0.86389245,0.38755970,0.61244030,0.00000000,0.33079525
887,3x5_Dynamic_Binary_Deep,0.87293940,0.83082611,0.16917389,0.00000000,0.93174936,0.84381366,0.78674666,0.21325334,0.00000000,0.16579940
891,3x5_Dynamic_Binary_Deep,0.86947896,0.70506894,0.29493106,0.00000000,0.41173268,0.86652870,0.68291233,0.31708767,0.00000000,0.24768716
94,3x5_Dynamic_Binary_Deep,0.98928252,0.74819962,0.25180038,0.00000000,0.39249396,0.94805461,0.72388673,0.27611327,0.00000000,0.29393105
96,3x5_Dynamic_Binary_Deep,0.97211791,0.75805429,0.24194571,0.00000000,0.88574722,0.80284900,0.71908832,0.28091168,0.00000000,0.27995990
151,3x5_Dynamic_Double_AR_Deep,0.99909716,0.16925304,0.40147969,0.42926727,0.02679955,0.85875455,0.17504762,0.37652381,0.44842857,0.05978429
17,3x5_Dynamic_Double_AR_Deep,1.00000000,0.77668388,0.12767041,0.09564571,0.17712174,0.97259572,0.71176065,0.15964286,0.12859649,0.24437693
174,3x5_Dynamic_Double_AR_Deep,0.99971913,0.43498636,0.36067078,0.20434286,0.02661547,0.94033249,0.42305263,0.33784211,0.23910526,0.17703183
176,3x5_Dynamic_Double_AR_Deep,0.89540658,0.65062284,0.05692550,0.29245166,0.29703819,0.85552709,0.63632072,0.05559279,0.30808649,0.17765833
19,3x5_Dynamic_Double_AR_Deep,0.99947121,0.78647022,0.16526581,0.04826397,0.64101727,0.99213069,0.77430636,0.16272281,0.06297083,0.58833245
212,3x5_Dynamic_Double_AR_Deep,0.99949970,0.53462366,0.17397849,0.29139785,0.20000452,0.92560784,0.49161290,0.19096774,0.31741935,0.30204698
267,3x5_Dynamic_Double_AR_Deep,0.99998358,0.85633017,0.12397416,0.01969567,0.34813215,0.99396587,0.81838570,0.14327621,0.03833809,0.28739185
329,3x5_Dynamic_Double_AR_Deep,0.99437273,0.14779466,0.13972350,0.71248184,0.11396714,0.79057259,0.13867016,0.17862669,0.68270315,0.07411629
43,3x5_Dynamic_Double_AR_Deep,0.88730343,0.57842688,0.10936074,0.31221238,0.29016897,0.82077862,0.56316129,0.11516129,0.32167742,0.16590394
451,3x5_Dynamic_Double_AR_Deep,0.99055978,0.15959890,0.25348901,0.58691209,0.03976228,0.78017460,0.12227273,0.30833333,0.56939394,-0.00002193
519,3x5_Dynamic_Double_AR_Deep,0.99711780,0.69654633,0.02341181,0.28004186,0.46205827,0.88226115,0.58926437,0.11085057,0.29988506,0.13060924
52,3x5_Dynamic_Double_AR_Deep,0.99984902,0.79734760,0.04045228,0.16220012,0.45133877,0.94866044,0.67012698,0.10207937,0.22779365,0.18895887
537,3x5_Dynamic_Double_AR_Deep,0.99962264,0.43080769,0.30344231,0.26575000,0.06827779,0.88547619,0.35821429,0.37571429,0.26607143,0.02379377
545,3x5_Dynamic_Double_AR_Deep,0.99884904,0.83089530,0.02867308,0.14043161,0.58008251,0.96599421,0.75049869,0.05727034,0.19223097,0.25768854
563,3x5_Dynamic_Double_AR_Deep,0.99905859,0.82782363,0.06374603,0.10843034,0.42957369,0.98049100,0.80812698,0.07517460,0.11669841,0.38180408
850,3x5_Dynamic_Double_AR_Deep,0.99826089,0.75256790,0.01950617,0.22792593,0.57873301,0.92328828,0.63866667,0.08533333,0.27600000,0.24838495
863,3x5_Dynamic_Double_AR_Deep,0.97410285,0.32936624,0.26166830,0.40896546,0.26060406,0.92691200,0.30175888,0.22957290,0.46866822,0.21332467
887,3x5_Dynamic_Double_AR_Deep,0.98717540,0.74539069,0.01570558,0.23890373,0.66494945,0.89285775,0.63818533,0.08937553,0.27243914,0.17710460
891,3x5_Dynamic_Double_AR_Deep,0.96429194,0.63602220,0.07855575,0.28542205,0.38623081,0.92940282,0.59519000,0.09649243,0.30831757,0.23047557
94,3x5_Dynamic_Double_AR_Deep,0.99847975,0.68666706,0.14476069,0.16857225,0.26921159,0.97361336,0.63351533,0.16613817,0.20034651,0.21807875
96,3x5_Dynamic_Double_AR_Deep,0.99632329,0.58735685,0.01964592,0.39299723,0.35284599,0.93665955,0.53270655,0.05911681,0.40817664,0.29341895
151,3x5_Dynamic_Double_GB_Deep,0.99823599,0.17972750,0.40147969,0.41879281,0.02737009,0.85216078,0.22690476,0.37652381,0.39657143,0.06514710
17,3x5_Dynamic_Double_GB_Deep,0.99991369,0.78176101,0.12767041,0.09056858,0.18448905,0.96708976,0.74057644,0.15964286,0.09978070,0.25197820
174,3x5_Dynamic_Double_GB_Deep,0.99945252,0.43988506,0.36067078,0.19944416,0.02630330,0.93499752,0.44878947,0.33784211,0.21336842,0.17287390
176,3x5_Dynamic_Double_GB_Deep,0.87714281,0.69497502,0.05692550,0.24809948,0.26074174,0.84489457,0.68795315,0.05559279,0.25645405,0.16552678
19,3x5_Dynamic_Double_GB_Deep,0.99901259,0.80066751,0.16526581,0.03406668,0.74130556,0.98916678,0.79491666,0.16272281,0.04236053,0.67742619
212,3x5_Dynamic_Double_GB_Deep,0.99751601,0.54293907,0.17397849,0.28308244,0.19937542,0.91730246,0.52774194,0.19096774,0.28129032,0.31809463
267,3x5_Dynamic_Double_GB_Deep,0.99998363,0.86010419,0.12397416,0.01592165,0.37528439,0.99195748,0.83443034,0.14327621,0.02229345,0.33141484
329,3x5_Dynamic_Double_GB_Deep,0.92499285,0.30031905,0.13972350,0.55995745,0.16925924,0.74176915,0.31939280,0.17862669,0.50198051,0.08494606
43,3x5_Dynamic_Double_GB_Deep,0.85668840,0.62148617,0.10936074,0.26915310,0.22140288,0.81969220,0.61098925,0.11516129,0.27384946,0.19100654
451,3x5_Dynamic_Double_GB_Deep,0.98855568,0.20483333,0.25348901,0.54167766,0.04865512,0.78403102,0.25454545,0.30833333,0.43712121,0.04496768
519,3x5_Dynamic_Double_GB_Deep,0.99521181,0.82229547,0.02341181,0.15429272,0.79722868,0.85113994,0.77949425,0.11085057,0.10965517,0.08579784
52,3x5_Dynamic_Double_GB_Deep,0.99943606,0.86300261,0.04045228,0.09654511,0.70199933,0.92656257,0.81242857,0.10207937,0.08549206,0.21437282
537,3x5_Dynamic_Double_GB_Deep,0.99712147,0.46568750,0.30344231,0.23087019,0.07120108,0.88076190,0.42714286,0.37571429,0.19714286,0.04655832
545,3x5_Dynamic_Double_GB_Deep,0.99782715,0.85568971,0.02867308,0.11563721,0.66199560,0.95998079,0.80020997,0.05727034,0.14251969,0.28030581
563,3x5_Dynamic_Double_GB_Deep,0.99755333,0.85283245,0.06374603,0.08342152,0.51387124,0.97213631,0.84584127,0.07517460,0.07898413,0.40849315
850,3x5_Dynamic_Double_GB_Deep,0.99716904,0.80950617,0.01950617,0.17098765,0.73443336,0.90793584,0.74022222,0.08533333,0.17444444,0.27410170
863,3x5_Dynamic_Double_GB_Deep,0.94519985,0.40753994,0.26166830,0.33079176,0.26652240,0.90158863,0.38755970,0.22957290,0.38286740,0.22695365
887,3x5_Dynamic_Double_GB_Deep,0.98406163,0.83082611,0.01570558,0.15346830,0.89893383,0.87050134,0.78674666,0.08937553,0.12387781,0.16053198
891,3x5_Dynamic_Double_GB_Deep,0.95224844,0.70506894,0.07855575,0.21637531,0.43405477,0.91640869,0.68291233,0.09649243,0.22059524,0.24986199
94,3x5_Dynamic_Double_GB_Deep,0.98863128,0.74819962,0.14476069,0.10703969,0.34729502,0.95987050,0.72388673,0.16613817,0.10997510,0.26083891
96,3x5_Dynamic_Double_GB_Deep,0.99285148,0.75805429,0.01964592,0.22229979,0.69388424,0.86810966,0.71908832,0.05911681,0.22179487,0.23419741
151,3x5_Dynamic_Ternary_Deep,0.99868547,0.18015474,0.38386961,0.43597565,0.03040081,0.85183139,0.19804762,0.34680952,0.45514286,0.06823276
17,3x5_Dynamic_Ternary_Deep,1.00000000,0.78929870,0.12950490,0.08119639,0.19693314,0.96514501,0.73250000,0.17368421,0.09381579,0.24993619
174,3x5_Dynamic_Ternary_Deep,0.99943826,0.45035909,0.35488182,0.19475909,0.02703055,0.94041865,0.43489474,0.33310526,0.23200000,0.14820442
176,3x5_Dynamic_Ternary_Deep,0.91914875,0.66847748,0.06639896,0.26512357,0.40723488,0.83059031,0.63814775,0.08372973,0.27812252,0.12921434
19,3x5_Dynamic_Ternary_Deep,0.99905897,0.79967731,0.16756794,0.03275475,0.73761942,0.98640437,0.78819062,0.16643904,0.04537035,0.62635846
212,3x5_Dynamic_Ternary_Deep,0.99959834,0.56580645,0.15713262,0.27706093,0.21783279,0.91546302,0.53225806,0.20322581,0.26451613,0.28777101
267,3x5_Dynamic_Ternary_Deep,0.99998362,0.86221131,0.12434520,0.01344349,0.38380400,0.99355672,0.83223950,0.13715434,0.03060616,0.32400906
329,3x5_Dynamic_Ternary_Deep,0.93891404,0.28636019,0.14991735,0.56372246,0.17449165,0.75513216,0.28864018,0.18420840,0.52715142,0.09342926
43,3x5_Dynamic_Ternary_Deep,0.90449672,0.58291041,0.13122819,0.28586140,0.37243902,0.78982082,0.55554839,0.15369892,0.29075269,0.13126792
451,3x5_Dynamic_Ternary_Deep,0.99512309,0.18947619,0.24912821,0.56139560,0.04797333,0.81411905,0.20681818,0.29484848,0.49833333,0.06009269
519,3x5_Dynamic_Ternary_Deep,0.99847807,0.82422718,0.01360099,0.16217183,0.79354629,0.85851285,0.77413793,0.01937931,0.20648276,0.10392331
52,3x5_Dynamic_Ternary_Deep,0.99972121,0.85800020,0.04266988,0.09932992,0.68894861,0.92041756,0.75936508,0.06557143,0.17506349,0.12193494
537,3x5_Dynamic_Ternary_Deep,0.99920410,0.46632692,0.30403365,0.22963942,0.07770310,0.85776190,0.43142857,0.33678571,0.23178571,-0.01860733
545,3x5_Dynamic_Ternary_Deep,0.99924577,0.88141149,0.00365704,0.11493147,0.70320430,0.96031041,0.81585302,0.00409449,0.18005249,0.23427123
563,3x5_Dynamic_Ternary_Deep,0.99829706,0.84891005,0.06615873,0.08493122,0.50782976,0.97393466,0.83657143,0.07365079,0.08977778,0.39352531
850,3x5_Dynamic_Ternary_Deep,0.99942765,0.80901235,0.01377778,0.17720988,0.72996746,0.90888568,0.74555556,0.03022222,0.22422222,0.22683404
863,3x5_Dynamic_Ternary_Deep,0.95241548,0.40118498,0.26364054,0.33517448,0.27762819,0.90794670,0.37473500,0.22659872,0.39866628,0.22699577
887,3x5_Dynamic_Ternary_Deep,0.99286413,0.82683670,0.00122915,0.17193414,0.87269454,0.86989492,0.79877232,0.00140505,0.19982263,0.13166882
891,3x5_Dynamic_Ternary_Deep,0.95432166,0.69180963,0.03040410,0.27778627,0.37351129,0.91573318,0.66971224,0.03201514,0.29827263,0.20660539
94,3x5_Dynamic_Ternary_Deep,0.99470878,0.72031670,0.16237537,0.11730794,0.32663378,0.96093004,0.67942007,0.17187400,0.14870593,0.20680206
96,3x5_Dynamic_Ternary_Deep,0.99936618,0.76513001,0.01722856,0.21764142,0.72571020,0.85396176,0.72826211,0.02527066,0.24646724,0.19025438
