dataset,algorithm,train_acc_mean,train_reject_mean,train_grader_kappa_mean,test_acc_mean,test_reject_mean,test_grader_kappa_mean
bench,GB_Prio_5xInf15_decision_tree-xgboost-dt-binary,0.98975253,0.00000000,0.03354968,0.80009524,0.00000000,0.12032531
gamma,GB_Prio_5xInf15_decision_tree-xgboost-dt-binary,0.92981189,0.00000000,0.17781061,0.87253417,0.00000000,0.18541659
brst-w,GB_Prio_5xInf15_decision_tree-xgboost-dt-binary,0.99390709,0.00000000,0.13537657,0.95887218,0.00000000,0.28019966
parkns,GB_Prio_5xInf15_decision_tree-xgboost-dt-binary,0.99817792,0.00000000,0.02979099,0.91089474,0.00000000,0.19910576
blood,GB_Prio_5xInf15_decision_tree-xgboost-dt-binary,0.82008373,0.00000000,0.27914817,0.78584144,0.00000000,0.21904737
car,GB_Prio_5xInf15_decision_tree-xgboost-dt-binary,0.99535764,0.00000000,0.44678086,0.98564323,0.00000000,0.44129733
haber,GB_Prio_5xInf15_decision_tree-xgboost-dt-binary,0.77530751,0.00000000,0.24541975,0.75025806,0.00000000,0.21092078
iono,GB_Prio_5xInf15_decision_tree-xgboost-dt-binary,0.96587523,0.00000000,0.41522543,0.92311111,0.00000000,0.25086831
letter,GB_Prio_5xInf15_decision_tree-xgboost-dt-binary,0.86014222,0.00000000,0.42352904,0.82567000,0.00000000,0.42139614
page,GB_Prio_5xInf15_decision_tree-xgboost-dt-binary,0.98929292,0.00000000,0.25900618,0.97281356,0.00000000,0.28062567
spam,GB_Prio_5xInf15_decision_tree-xgboost-dt-binary,0.96946553,0.00000000,0.14841835,0.94327388,0.00000000,0.17230887
sp-hrt,GB_Prio_5xInf15_decision_tree-xgboost-dt-binary,0.96554357,0.00000000,0.62436534,0.79914530,0.00000000,0.33553609
bench,GB_Prio_5xInf15_decision_tree-xgboost-dt-double,0.98411244,0.36156616,0.03148441,0.81754059,0.33671429,0.11105009
gamma,GB_Prio_5xInf15_decision_tree-xgboost-dt-double,0.92594541,0.35514663,0.12949434,0.90656356,0.35558360,0.15214319
brst-w,GB_Prio_5xInf15_decision_tree-xgboost-dt-double,0.99325404,0.15691680,0.09552913,0.97446204,0.16418546,0.23782684
parkns,GB_Prio_5xInf15_decision_tree-xgboost-dt-double,0.99767705,0.23043636,0.02732375,0.93627925,0.22236842,0.20171951
blood,GB_Prio_5xInf15_decision_tree-xgboost-dt-double,0.86296174,0.24586977,0.20682329,0.84267985,0.25570450,0.16494511
car,GB_Prio_5xInf15_decision_tree-xgboost-dt-double,0.99485650,0.11704049,0.35775282,0.99080780,0.11794193,0.36187732
haber,GB_Prio_5xInf15_decision_tree-xgboost-dt-double,0.83961317,0.25426140,0.19814362,0.80393640,0.25567742,0.15599874
iono,GB_Prio_5xInf15_decision_tree-xgboost-dt-double,0.97837474,0.12066647,0.38243710,0.93368123,0.11730159,0.22336858
letter,GB_Prio_5xInf15_decision_tree-xgboost-dt-double,0.80370655,0.28216556,0.32629994,0.79065284,0.28254000,0.36001144
page,GB_Prio_5xInf15_decision_tree-xgboost-dt-double,0.99489432,0.10444807,0.21067986,0.99050910,0.10451274,0.27212228
spam,GB_Prio_5xInf15_decision_tree-xgboost-dt-double,0.95994902,0.24565638,0.10110575,0.94996679,0.24651485,0.12498752
sp-hrt,GB_Prio_5xInf15_decision_tree-xgboost-dt-double,0.98507653,0.29504461,0.46297271,0.88664238,0.26957265,0.28744307
bench,GB_Prio_5xInf15_decision_tree-xgboost-dt-ternary,0.98618916,0.37425703,0.02554917,0.84102564,0.38438095,0.12626887
gamma,GB_Prio_5xInf15_decision_tree-xgboost-dt-ternary,0.92511381,0.28827433,0.11475473,0.89305947,0.28929548,0.13569512
brst-w,GB_Prio_5xInf15_decision_tree-xgboost-dt-ternary,0.99732490,0.21769546,0.06927829,0.97318160,0.21611529,0.16123933
parkns,GB_Prio_5xInf15_decision_tree-xgboost-dt-ternary,0.99807759,0.20716558,0.02319050,0.92767783,0.22231579,0.13906833
blood,GB_Prio_5xInf15_decision_tree-xgboost-dt-ternary,0.85252453,0.23800869,0.17629299,0.81897178,0.24298739,0.14069354
car,GB_Prio_5xInf15_decision_tree-xgboost-dt-ternary,0.99508219,0.14076651,0.26698042,0.99243221,0.14606264,0.27982593
haber,GB_Prio_5xInf15_decision_tree-xgboost-dt-ternary,0.83563445,0.24696469,0.21386827,0.80086058,0.24606452,0.14064180
iono,GB_Prio_5xInf15_decision_tree-xgboost-dt-ternary,0.98453540,0.23588608,0.20830240,0.92366719,0.25076190,0.10740454
letter,GB_Prio_5xInf15_decision_tree-xgboost-dt-ternary,0.80569335,0.24350222,0.31329237,0.79060763,0.24469000,0.34538879
page,GB_Prio_5xInf15_decision_tree-xgboost-dt-ternary,0.99613392,0.16297799,0.11843733,0.98862959,0.16301779,0.16723228
spam,GB_Prio_5xInf15_decision_tree-xgboost-dt-ternary,0.96539355,0.25260700,0.08303781,0.95104115,0.25720702,0.10480208
sp-hrt,GB_Prio_5xInf15_decision_tree-xgboost-dt-ternary,0.98599090,0.32577490,0.38087365,0.86891704,0.34586895,0.21153578
bench,GB_Prio_5xInf15_decision_tree-xgboost-grey-binary,0.99594266,0.00000000,0.03327494,0.80309524,0.00000000,0.09912513
gamma,GB_Prio_5xInf15_decision_tree-xgboost-grey-binary,0.95127585,0.00000000,0.57527877,0.87631966,0.00000000,0.35819861
brst-w,GB_Prio_5xInf15_decision_tree-xgboost-grey-binary,0.99742248,0.00000000,0.23272952,0.95535088,0.00000000,0.30535276
parkns,GB_Prio_5xInf15_decision_tree-xgboost-grey-binary,0.99851883,0.00000000,0.03479231,0.91084211,0.00000000,0.20248995
blood,GB_Prio_5xInf15_decision_tree-xgboost-grey-binary,0.82100458,0.00000000,0.36153542,0.78530450,0.00000000,0.21052868
car,GB_Prio_5xInf15_decision_tree-xgboost-grey-binary,0.99848243,0.00000000,0.86528282,0.98321683,0.00000000,0.78600892
haber,GB_Prio_5xInf15_decision_tree-xgboost-grey-binary,0.77661291,0.00000000,0.33405581,0.74959140,0.00000000,0.19415026
iono,GB_Prio_5xInf15_decision_tree-xgboost-grey-binary,0.97442254,0.00000000,0.82200204,0.91914286,0.00000000,0.24049318
letter,GB_Prio_5xInf15_decision_tree-xgboost-grey-binary,0.99766000,0.00000000,0.73517750,0.95623000,0.00000000,0.71060229
page,GB_Prio_5xInf15_decision_tree-xgboost-grey-binary,0.99108351,0.00000000,0.69606038,0.97230201,0.00000000,0.41880409
spam,GB_Prio_5xInf15_decision_tree-xgboost-grey-binary,0.98995871,0.00000000,0.44901151,0.94814222,0.00000000,0.32460642
sp-hrt,GB_Prio_5xInf15_decision_tree-xgboost-grey-binary,0.97345021,0.00000000,0.90557209,0.80056980,0.00000000,0.29084416
bench,GB_Prio_5xInf15_decision_tree-xgboost-grey-double,0.99390732,0.35022016,0.03813745,0.82522564,0.32400000,0.10793140
gamma,GB_Prio_5xInf15_decision_tree-xgboost-grey-double,0.97033344,0.19359855,0.45635441,0.91067495,0.19849632,0.27605880
brst-w,GB_Prio_5xInf15_decision_tree-xgboost-grey-double,0.99953683,0.07557162,0.21582973,0.96633909,0.08538221,0.28245595
parkns,GB_Prio_5xInf15_decision_tree-xgboost-grey-double,0.99824291,0.15008701,0.03300446,0.93300436,0.14152632,0.22805684
blood,GB_Prio_5xInf15_decision_tree-xgboost-grey-double,0.88490632,0.22807276,0.31551805,0.83235740,0.24154955,0.14944929
car,GB_Prio_5xInf15_decision_tree-xgboost-grey-double,0.99845080,0.02139971,0.80539339,0.98583737,0.02754335,0.71820799
haber,GB_Prio_5xInf15_decision_tree-xgboost-grey-double,0.87548912,0.23915178,0.32203639,0.79951309,0.24643011,0.14358930
iono,GB_Prio_5xInf15_decision_tree-xgboost-grey-double,0.99979135,0.08008760,0.77270956,0.92499916,0.06557143,0.21126452
letter,GB_Prio_5xInf15_decision_tree-xgboost-grey-double,0.99721401,0.16187778,0.54351120,0.97279127,0.16770000,0.55703225
page,GB_Prio_5xInf15_decision_tree-xgboost-grey-double,0.99807904,0.03198731,0.61511622,0.98245216,0.03888169,0.38118601
spam,GB_Prio_5xInf15_decision_tree-xgboost-grey-double,0.98940990,0.09470918,0.38730649,0.95897361,0.10123559,0.28362279
sp-hrt,GB_Prio_5xInf15_decision_tree-xgboost-grey-double,0.99708310,0.21697441,0.71552558,0.86339909,0.20008547,0.25336426
bench,GB_Prio_5xInf15_decision_tree-xgboost-grey-ternary,0.99312317,0.34253271,0.03502145,0.84740831,0.35547619,0.11410793
gamma,GB_Prio_5xInf15_decision_tree-xgboost-grey-ternary,0.98463524,0.20409861,0.47580749,0.91335387,0.23674027,0.23176434
brst-w,GB_Prio_5xInf15_decision_tree-xgboost-grey-ternary,0.99966613,0.06518336,0.23877102,0.96495096,0.09167920,0.24149643
parkns,GB_Prio_5xInf15_decision_tree-xgboost-grey-ternary,0.99934978,0.14346948,0.03862983,0.91876128,0.16068421,0.18083840
blood,GB_Prio_5xInf15_decision_tree-xgboost-grey-ternary,0.92669286,0.23395554,0.49101756,0.82057048,0.26584144,0.12244704
car,GB_Prio_5xInf15_decision_tree-xgboost-grey-ternary,0.99835179,0.01866028,0.81269841,0.98009917,0.02800712,0.67356253
haber,GB_Prio_5xInf15_decision_tree-xgboost-grey-ternary,0.93849017,0.27233412,0.53316042,0.77466880,0.27726882,0.06685260
iono,GB_Prio_5xInf15_decision_tree-xgboost-grey-ternary,0.99979210,0.08186096,0.76335425,0.92010217,0.13341270,0.11918248
letter,GB_Prio_5xInf15_decision_tree-xgboost-grey-ternary,0.99774576,0.15791667,0.54289138,0.97443798,0.16609000,0.55135599
page,GB_Prio_5xInf15_decision_tree-xgboost-grey-ternary,0.99824769,0.03403770,0.58429560,0.98385172,0.05382798,0.33301965
spam,GB_Prio_5xInf15_decision_tree-xgboost-grey-ternary,0.99521827,0.10185251,0.36210642,0.95890117,0.13162162,0.22323731
sp-hrt,GB_Prio_5xInf15_decision_tree-xgboost-grey-ternary,0.99906931,0.19616459,0.75990802,0.85671233,0.23658120,0.22912196
