dataset,algorithm,train_acc_mean,train_reject_mean,train_grader_kappa_mean,test_acc_mean,test_reject_mean,test_grader_kappa_mean
bench,GB_Prio_5xInf15_decision_tree-xgboost-dt-binary,0.99092445,0.00000000,0.03865879,0.80214286,0.00000000,0.10365172
gamma,GB_Prio_5xInf15_decision_tree-xgboost-dt-binary,0.92984344,0.00000000,0.17775887,0.87259727,0.00000000,0.18576522
brst-w,GB_Prio_5xInf15_decision_tree-xgboost-dt-binary,0.99367309,0.00000000,0.12671741,0.95886591,0.00000000,0.27198631
parkns,GB_Prio_5xInf15_decision_tree-xgboost-dt-binary,0.99965909,0.00000000,0.03344103,0.90668421,0.00000000,0.13871502
blood,GB_Prio_5xInf15_decision_tree-xgboost-dt-binary,0.82014317,0.00000000,0.27518576,0.78691171,0.00000000,0.23204664
car,GB_Prio_5xInf15_decision_tree-xgboost-dt-binary,0.99539616,0.00000000,0.44616387,0.98680132,0.00000000,0.44229907
vertebr,GB_Prio_5xInf15_decision_tree-xgboost-dt-binary,0.98258065,0.00000000,0.23156385,0.82838710,0.00000000,0.27203285
bank,GB_Prio_5xInf15_decision_tree-xgboost-dt-binary,0.99802400,0.00000000,0.17480230,0.99110970,0.00000000,0.19224566
diabet,GB_Prio_5xInf15_decision_tree-xgboost-dt-binary,0.86747804,0.00000000,0.14591590,0.67941379,0.00000000,0.13082977
htru,GB_Prio_5xInf15_decision_tree-xgboost-dt-binary,0.98466868,0.00000000,0.16448053,0.98003142,0.00000000,0.17175461
haber,GB_Prio_5xInf15_decision_tree-xgboost-dt-binary,0.77567009,0.00000000,0.24121815,0.75217204,0.00000000,0.20763420
brst-c,GB_Prio_5xInf15_decision_tree-xgboost-dt-binary,0.91954579,0.00000000,0.05885764,0.77469697,0.00000000,0.03409668
heart-f,GB_Prio_5xInf15_decision_tree-xgboost-dt-binary,0.91594272,0.00000000,0.34782741,0.83344828,0.00000000,0.07509096
iono,GB_Prio_5xInf15_decision_tree-xgboost-dt-binary,0.96568736,0.00000000,0.40504511,0.92028571,0.00000000,0.25653963
cerv-c,GB_Prio_5xInf15_decision_tree-xgboost-dt-binary,0.98827885,0.00000000,0.08570371,0.86071429,0.00000000,0.02634930
rice,GB_Prio_5xInf15_decision_tree-xgboost-dt-binary,0.93575386,0.00000000,0.27270631,0.92771654,0.00000000,0.26293105
churn,GB_Prio_5xInf15_decision_tree-xgboost-dt-binary,0.97638095,0.00000000,0.35331262,0.95377778,0.00000000,0.37612186
taiwan,GB_Prio_5xInf15_decision_tree-xgboost-dt-binary,0.99400369,0.00000000,0.28281368,0.97087546,0.00000000,0.28810094
letter,GB_Prio_5xInf15_decision_tree-xgboost-dt-binary,0.85820333,0.00000000,0.42067835,0.82293000,0.00000000,0.41613728
drybean,GB_Prio_5xInf15_decision_tree-xgboost-dt-binary,0.93913744,0.00000000,0.47761656,0.91674414,0.00000000,0.46885169
droid,GB_Prio_5xInf15_decision_tree-xgboost-dt-binary,0.97113581,0.00000000,0.29654382,0.96598259,0.00000000,0.29208717
page,GB_Prio_5xInf15_decision_tree-xgboost-dt-binary,0.98925640,0.00000000,0.25459243,0.97226538,0.00000000,0.26611310
sepsis,GB_Prio_5xInf15_decision_tree-xgboost-dt-binary,0.92632838,0.00000000,0.08384714,0.92632838,0.00000000,0.08200847
raisin,GB_Prio_5xInf15_decision_tree-xgboost-dt-binary,0.91232099,0.00000000,0.29508121,0.86955556,0.00000000,0.23131444
matern,GB_Prio_5xInf15_decision_tree-xgboost-dt-binary,0.88796831,0.00000000,0.31211832,0.84571734,0.00000000,0.30261529
survey,GB_Prio_5xInf15_decision_tree-xgboost-dt-binary,0.86556453,0.00000000,0.26928295,0.84267254,0.00000000,0.22172085
aids,GB_Prio_5xInf15_decision_tree-xgboost-dt-binary,0.91924560,0.00000000,0.22663902,0.88994735,0.00000000,0.16835946
cdc-d,GB_Prio_5xInf15_decision_tree-xgboost-dt-binary,0.86869529,0.00000000,0.26649304,0.86687638,0.00000000,0.26697546
spam,GB_Prio_5xInf15_decision_tree-xgboost-dt-binary,0.96965388,0.00000000,0.14917245,0.94310016,0.00000000,0.16961849
sp-hrt,GB_Prio_5xInf15_decision_tree-xgboost-dt-binary,0.96579288,0.00000000,0.62281238,0.80062678,0.00000000,0.33583986
bench,GB_Prio_5xInf15_decision_tree-xgboost-dt-double,0.98594010,0.35362669,0.03464466,0.81763628,0.32490476,0.10571152
gamma,GB_Prio_5xInf15_decision_tree-xgboost-dt-double,0.92638063,0.34944269,0.13020043,0.90653898,0.35016824,0.15315871
brst-w,GB_Prio_5xInf15_decision_tree-xgboost-dt-double,0.99329779,0.15875952,0.09152678,0.97588294,0.16623434,0.23590287
parkns,GB_Prio_5xInf15_decision_tree-xgboost-dt-double,0.99955315,0.22800974,0.03019238,0.93078829,0.22852632,0.17573701
blood,GB_Prio_5xInf15_decision_tree-xgboost-dt-double,0.86288065,0.24667127,0.20360723,0.84796951,0.26185225,0.17165776
car,GB_Prio_5xInf15_decision_tree-xgboost-dt-double,0.99484970,0.11581754,0.35558868,0.99200587,0.12430837,0.35990209
vertebr,GB_Prio_5xInf15_decision_tree-xgboost-dt-double,0.99097995,0.33512545,0.16277084,0.91746000,0.33225806,0.27097694
bank,GB_Prio_5xInf15_decision_tree-xgboost-dt-double,0.99767912,0.14782802,0.12050899,0.99021410,0.15017455,0.13071700
diabet,GB_Prio_5xInf15_decision_tree-xgboost-dt-double,0.81182911,0.39674019,0.10485804,0.71539993,0.38882909,0.09796150
htru,GB_Prio_5xInf15_decision_tree-xgboost-dt-double,0.99318351,0.10135079,0.15028823,0.99230849,0.10288387,0.16905638
haber,GB_Prio_5xInf15_decision_tree-xgboost-dt-double,0.84057592,0.25784111,0.19346991,0.80836042,0.26124731,0.15502773
brst-c,GB_Prio_5xInf15_decision_tree-xgboost-dt-double,0.96525988,0.41410256,0.06443130,0.76430808,0.37439394,-0.00559236
heart-f,GB_Prio_5xInf15_decision_tree-xgboost-dt-double,0.93407215,0.17688256,0.30685303,0.84944780,0.18275862,0.05531929
iono,GB_Prio_5xInf15_decision_tree-xgboost-dt-double,0.97747828,0.11453305,0.37470907,0.93574714,0.12517460,0.25571909
cerv-c,GB_Prio_5xInf15_decision_tree-xgboost-dt-double,0.99591056,0.17162981,0.10782309,0.87047619,0.15607143,0.01150443
rice,GB_Prio_5xInf15_decision_tree-xgboost-dt-double,0.98218865,0.23638379,0.26974474,0.97750765,0.23858268,0.26525336
churn,GB_Prio_5xInf15_decision_tree-xgboost-dt-double,0.98312232,0.18014109,0.24515452,0.97574505,0.18057143,0.28729393
taiwan,GB_Prio_5xInf15_decision_tree-xgboost-dt-double,0.99344310,0.08626543,0.19125054,0.98870923,0.08831182,0.27625767
letter,GB_Prio_5xInf15_decision_tree-xgboost-dt-double,0.80628608,0.26557778,0.32861983,0.79166664,0.26548000,0.36120564
drybean,GB_Prio_5xInf15_decision_tree-xgboost-dt-double,0.95968267,0.25115137,0.35633740,0.95292937,0.25264912,0.36233189
droid,GB_Prio_5xInf15_decision_tree-xgboost-dt-double,0.97953829,0.12494360,0.24253611,0.97748975,0.12489384,0.24103958
page,GB_Prio_5xInf15_decision_tree-xgboost-dt-double,0.99499830,0.10978729,0.20329873,0.99037765,0.11394194,0.25477207
sepsis,GB_Prio_5xInf15_decision_tree-xgboost-dt-double,0.96601117,0.48470431,0.08384714,0.96515110,0.48447066,0.08200847
raisin,GB_Prio_5xInf15_decision_tree-xgboost-dt-double,0.94687922,0.27580247,0.24768091,0.91868064,0.27266667,0.20391958
matern,GB_Prio_5xInf15_decision_tree-xgboost-dt-double,0.87988054,0.38624481,0.19798437,0.85441146,0.39218987,0.19588811
survey,GB_Prio_5xInf15_decision_tree-xgboost-dt-double,0.89416463,0.16588847,0.23719655,0.88316988,0.16478553,0.20654301
aids,GB_Prio_5xInf15_decision_tree-xgboost-dt-double,0.94113375,0.19184464,0.21434329,0.92377151,0.19279365,0.16984408
cdc-d,GB_Prio_5xInf15_decision_tree-xgboost-dt-double,0.93652355,0.30108974,0.25982170,0.93622923,0.30100126,0.26151748
spam,GB_Prio_5xInf15_decision_tree-xgboost-dt-double,0.96005918,0.24807590,0.10142832,0.94960176,0.25451551,0.12216550
sp-hrt,GB_Prio_5xInf15_decision_tree-xgboost-dt-double,0.98595689,0.29271923,0.46375014,0.88933493,0.27185185,0.29680242
bench,GB_Prio_5xInf15_decision_tree-xgboost-dt-ternary,0.98627291,0.36438161,0.02947753,0.82418526,0.35771429,0.10403736
gamma,GB_Prio_5xInf15_decision_tree-xgboost-dt-ternary,0.92393419,0.27841687,0.11536837,0.89209673,0.28065195,0.13683703
brst-w,GB_Prio_5xInf15_decision_tree-xgboost-dt-ternary,0.99725863,0.19560947,0.07135788,0.97171195,0.20436717,0.16645477
parkns,GB_Prio_5xInf15_decision_tree-xgboost-dt-ternary,0.99838003,0.20087403,0.02228423,0.93299001,0.19631579,0.17868595
blood,GB_Prio_5xInf15_decision_tree-xgboost-dt-ternary,0.85932146,0.24699366,0.18122664,0.82031876,0.24986306,0.14526207
car,GB_Prio_5xInf15_decision_tree-xgboost-dt-ternary,0.99546882,0.14275912,0.26484736,0.99486054,0.14479903,0.28941610
vertebr,GB_Prio_5xInf15_decision_tree-xgboost-dt-ternary,0.99023739,0.29082437,0.14168694,0.89963215,0.29161290,0.27617369
bank,GB_Prio_5xInf15_decision_tree-xgboost-dt-ternary,0.99933049,0.15241967,0.07398284,0.99449188,0.16308156,0.08566538
diabet,GB_Prio_5xInf15_decision_tree-xgboost-dt-ternary,0.83659310,0.34595867,0.08630613,0.72294368,0.33396402,0.08393782
htru,GB_Prio_5xInf15_decision_tree-xgboost-dt-ternary,0.99032514,0.08232325,0.14111922,0.98755445,0.08224407,0.15005425
haber,GB_Prio_5xInf15_decision_tree-xgboost-dt-ternary,0.83770975,0.24230567,0.21796876,0.79633553,0.24367742,0.15768981
brst-c,GB_Prio_5xInf15_decision_tree-xgboost-dt-ternary,0.96033991,0.44420513,0.04442506,0.79061328,0.44121212,0.01168625
heart-f,GB_Prio_5xInf15_decision_tree-xgboost-dt-ternary,0.94334282,0.30463142,0.23186917,0.85135929,0.32400000,0.08043307
iono,GB_Prio_5xInf15_decision_tree-xgboost-dt-ternary,0.98626795,0.24267209,0.21286957,0.92877971,0.29107937,0.08415969
cerv-c,GB_Prio_5xInf15_decision_tree-xgboost-dt-ternary,0.99333834,0.18454327,0.08586051,0.89814286,0.20392857,0.20502384
rice,GB_Prio_5xInf15_decision_tree-xgboost-dt-ternary,0.97897352,0.25871099,0.24026264,0.97133476,0.26325459,0.23623121
churn,GB_Prio_5xInf15_decision_tree-xgboost-dt-ternary,0.98539160,0.10502998,0.24546376,0.96952470,0.10526984,0.28584759
taiwan,GB_Prio_5xInf15_decision_tree-xgboost-dt-ternary,0.99482817,0.09322315,0.15611887,0.98561369,0.09476469,0.23431682
letter,GB_Prio_5xInf15_decision_tree-xgboost-dt-ternary,0.81433312,0.22151222,0.32146706,0.79898450,0.22198000,0.35308111
drybean,GB_Prio_5xInf15_decision_tree-xgboost-dt-ternary,0.98765243,0.42502389,0.13883768,0.97946694,0.42571434,0.15507619
droid,GB_Prio_5xInf15_decision_tree-xgboost-dt-ternary,0.97534312,0.25867321,0.07371777,0.96989823,0.25951100,0.07126826
page,GB_Prio_5xInf15_decision_tree-xgboost-dt-ternary,0.99626024,0.17530898,0.11420247,0.98903754,0.17617569,0.15306362
sepsis,GB_Prio_5xInf15_decision_tree-xgboost-dt-ternary,0.96711367,0.49835510,0.08191523,0.96624071,0.49833693,0.07994566
raisin,GB_Prio_5xInf15_decision_tree-xgboost-dt-ternary,0.95243955,0.29711111,0.22150268,0.91016637,0.30200000,0.18934665
matern,GB_Prio_5xInf15_decision_tree-xgboost-dt-ternary,0.90264779,0.23973687,0.20562853,0.86042437,0.24351000,0.20468208
survey,GB_Prio_5xInf15_decision_tree-xgboost-dt-ternary,0.90503091,0.34307338,0.16464927,0.88466037,0.34211686,0.12833173
aids,GB_Prio_5xInf15_decision_tree-xgboost-dt-ternary,0.96037919,0.28139940,0.18554365,0.93904390,0.28749901,0.18347552
cdc-d,GB_Prio_5xInf15_decision_tree-xgboost-dt-ternary,0.91050846,0.31545298,0.20228453,0.90889462,0.31549275,0.20270824
spam,GB_Prio_5xInf15_decision_tree-xgboost-dt-ternary,0.96651877,0.22547327,0.08572634,0.95193923,0.22529473,0.10970964
sp-hrt,GB_Prio_5xInf15_decision_tree-xgboost-dt-ternary,0.98406648,0.32203769,0.38299818,0.87733290,0.34515670,0.23369762
bench,GB_Prio_5xInf15_decision_tree-xgboost-grey-binary,0.99743941,0.00000000,0.03767344,0.80985714,0.00000000,0.10515365
gamma,GB_Prio_5xInf15_decision_tree-xgboost-grey-binary,0.95228298,0.00000000,0.58412790,0.87634069,0.00000000,0.35504594
brst-w,GB_Prio_5xInf15_decision_tree-xgboost-grey-binary,0.99738319,0.00000000,0.23159796,0.95676692,0.00000000,0.28609337
parkns,GB_Prio_5xInf15_decision_tree-xgboost-grey-binary,0.99954481,0.00000000,0.03720748,0.90252632,0.00000000,0.13679704
blood,GB_Prio_5xInf15_decision_tree-xgboost-grey-binary,0.82159907,0.00000000,0.36356715,0.78744865,0.00000000,0.21061236
car,GB_Prio_5xInf15_decision_tree-xgboost-grey-binary,0.99831526,0.00000000,0.86187221,0.98379621,0.00000000,0.78634777
vertebr,GB_Prio_5xInf15_decision_tree-xgboost-grey-binary,0.98301075,0.00000000,0.29687472,0.82516129,0.00000000,0.27743486
bank,GB_Prio_5xInf15_decision_tree-xgboost-grey-binary,0.99991903,0.00000000,0.49212733,0.99009521,0.00000000,0.39552011
diabet,GB_Prio_5xInf15_decision_tree-xgboost-grey-binary,0.91999135,0.00000000,0.29181090,0.68549925,0.00000000,0.15584396
htru,GB_Prio_5xInf15_decision_tree-xgboost-grey-binary,0.98474318,0.00000000,0.56170077,0.97993086,0.00000000,0.19195421
haber,GB_Prio_5xInf15_decision_tree-xgboost-grey-binary,0.77661133,0.00000000,0.35246302,0.75212903,0.00000000,0.19895159
brst-c,GB_Prio_5xInf15_decision_tree-xgboost-grey-binary,0.91531868,0.00000000,0.06105473,0.75863636,0.00000000,0.01179340
heart-f,GB_Prio_5xInf15_decision_tree-xgboost-grey-binary,0.94218009,0.00000000,0.88421522,0.83480460,0.00000000,0.10155550
iono,GB_Prio_5xInf15_decision_tree-xgboost-grey-binary,0.97442274,0.00000000,0.81957607,0.91517460,0.00000000,0.22799075
cerv-c,GB_Prio_5xInf15_decision_tree-xgboost-grey-binary,0.98827404,0.00000000,0.09378881,0.86642857,0.00000000,0.08456064
rice,GB_Prio_5xInf15_decision_tree-xgboost-grey-binary,0.93613882,0.00000000,0.62205894,0.92740157,0.00000000,0.26952981
churn,GB_Prio_5xInf15_decision_tree-xgboost-grey-binary,0.98722399,0.00000000,0.66635176,0.95555556,0.00000000,0.50211888
taiwan,GB_Prio_5xInf15_decision_tree-xgboost-grey-binary,0.99978491,0.00000000,0.60084794,0.97078748,0.00000000,0.30265366
letter,GB_Prio_5xInf15_decision_tree-xgboost-grey-binary,0.99810444,0.00000000,0.73116003,0.95669000,0.00000000,0.70846518
drybean,GB_Prio_5xInf15_decision_tree-xgboost-grey-binary,0.95794742,0.00000000,0.77492370,0.92576619,0.00000000,0.60613640
droid,GB_Prio_5xInf15_decision_tree-xgboost-grey-binary,0.97982333,0.00000000,0.59242279,0.96924185,0.00000000,0.49555966
page,GB_Prio_5xInf15_decision_tree-xgboost-grey-binary,0.99110381,0.00000000,0.70332822,0.97197334,0.00000000,0.41033866
sepsis,GB_Prio_5xInf15_decision_tree-xgboost-grey-binary,0.92632838,0.00000000,0.08906570,0.92632838,0.00000000,0.07922083
raisin,GB_Prio_5xInf15_decision_tree-xgboost-grey-binary,0.91530864,0.00000000,0.79512702,0.86822222,0.00000000,0.27998758
matern,GB_Prio_5xInf15_decision_tree-xgboost-grey-binary,0.91569143,0.00000000,0.39918720,0.85499709,0.00000000,0.34029431
survey,GB_Prio_5xInf15_decision_tree-xgboost-grey-binary,0.87348571,0.00000000,0.93174936,0.84284875,0.00000000,0.16579940
aids,GB_Prio_5xInf15_decision_tree-xgboost-grey-binary,0.93865250,0.00000000,0.84728139,0.89013909,0.00000000,0.19454695
cdc-d,GB_Prio_5xInf15_decision_tree-xgboost-grey-binary,0.86968298,0.00000000,0.41009107,0.86669190,0.00000000,0.24474504
spam,GB_Prio_5xInf15_decision_tree-xgboost-grey-binary,0.99029678,0.00000000,0.44691509,0.94748977,0.00000000,0.31324085
sp-hrt,GB_Prio_5xInf15_decision_tree-xgboost-grey-binary,0.97353423,0.00000000,0.90943319,0.80210826,0.00000000,0.28660198
bench,GB_Prio_5xInf15_decision_tree-xgboost-grey-double,0.99593097,0.35190750,0.03948869,0.83391209,0.32180952,0.11647045
gamma,GB_Prio_5xInf15_decision_tree-xgboost-grey-double,0.97221708,0.19490478,0.46339027,0.90983891,0.19950578,0.27086784
brst-w,GB_Prio_5xInf15_decision_tree-xgboost-grey-double,0.99949484,0.07232837,0.21608723,0.96600618,0.07835213,0.27059494
parkns,GB_Prio_5xInf15_decision_tree-xgboost-grey-double,0.99946274,0.14950909,0.03535540,0.92193721,0.16068421,0.16957907
blood,GB_Prio_5xInf15_decision_tree-xgboost-grey-double,0.88437425,0.23250136,0.31400331,0.83780394,0.24174054,0.15485649
car,GB_Prio_5xInf15_decision_tree-xgboost-grey-double,0.99828371,0.02042177,0.80376317,0.98692987,0.02708429,0.71638182
vertebr,GB_Prio_5xInf15_decision_tree-xgboost-grey-double,0.99763590,0.23985663,0.25308666,0.89776986,0.23354839,0.31528034
bank,GB_Prio_5xInf15_decision_tree-xgboost-grey-double,0.99991818,0.00928093,0.48063175,0.99052637,0.01646779,0.36826585
diabet,GB_Prio_5xInf15_decision_tree-xgboost-grey-double,0.89779270,0.45832602,0.20913453,0.72779805,0.40344528,0.10821541
htru,GB_Prio_5xInf15_decision_tree-xgboost-grey-double,0.99993063,0.03327622,0.61633901,0.98831908,0.04450790,0.21715084
haber,GB_Prio_5xInf15_decision_tree-xgboost-grey-double,0.88103585,0.24213412,0.34418881,0.79890733,0.25107527,0.15724586
brst-c,GB_Prio_5xInf15_decision_tree-xgboost-grey-double,0.98205334,0.43760989,0.07465685,0.76628499,0.38454545,0.00913485
heart-f,GB_Prio_5xInf15_decision_tree-xgboost-grey-double,0.99258733,0.14299849,0.79267646,0.84932012,0.10156322,0.09768735
iono,GB_Prio_5xInf15_decision_tree-xgboost-grey-double,0.99945359,0.07907494,0.76868960,0.92445800,0.08204762,0.20523663
cerv-c,GB_Prio_5xInf15_decision_tree-xgboost-grey-double,0.99735994,0.16297596,0.12246075,0.87823810,0.13321429,0.06715217
rice,GB_Prio_5xInf15_decision_tree-xgboost-grey-double,0.99788668,0.11540974,0.66247927,0.95924810,0.14309711,0.27554640
churn,GB_Prio_5xInf15_decision_tree-xgboost-grey-double,0.99768810,0.06965079,0.56951598,0.96957856,0.06641270,0.41970472
taiwan,GB_Prio_5xInf15_decision_tree-xgboost-grey-double,0.99977372,0.04844961,0.45096392,0.98334308,0.05000741,0.30816968
letter,GB_Prio_5xInf15_decision_tree-xgboost-grey-double,0.99774392,0.15970000,0.54149226,0.97309159,0.16563000,0.55288024
drybean,GB_Prio_5xInf15_decision_tree-xgboost-grey-double,0.99498020,0.12305405,0.63999898,0.96231243,0.14057760,0.44930454
droid,GB_Prio_5xInf15_decision_tree-xgboost-grey-double,0.99305581,0.09110791,0.42910973,0.98406751,0.09114275,0.36374867
page,GB_Prio_5xInf15_decision_tree-xgboost-grey-double,0.99814951,0.03252739,0.61647322,0.98219344,0.04005051,0.36886068
sepsis,GB_Prio_5xInf15_decision_tree-xgboost-grey-double,0.96852250,0.48538762,0.08906570,0.96380207,0.48510525,0.07922083
raisin,GB_Prio_5xInf15_decision_tree-xgboost-grey-double,0.99758855,0.15987654,0.76143880,0.90405213,0.16333333,0.24130444
matern,GB_Prio_5xInf15_decision_tree-xgboost-grey-double,0.93641855,0.26865921,0.28731567,0.88254551,0.32091827,0.23719671
survey,GB_Prio_5xInf15_decision_tree-xgboost-grey-double,0.98800732,0.15431695,0.90679538,0.86734854,0.11773244,0.15400524
aids,GB_Prio_5xInf15_decision_tree-xgboost-grey-double,0.99445069,0.11516282,0.79907188,0.90842453,0.08013119,0.17817461
cdc-d,GB_Prio_5xInf15_decision_tree-xgboost-grey-double,0.95284196,0.21989751,0.43100582,0.91586683,0.22372753,0.24615016
spam,GB_Prio_5xInf15_decision_tree-xgboost-grey-double,0.98979124,0.09633655,0.38386337,0.95843649,0.10058663,0.26867301
sp-hrt,GB_Prio_5xInf15_decision_tree-xgboost-grey-double,0.99621125,0.21488589,0.71604084,0.86085190,0.19199430,0.25225074
bench,GB_Prio_5xInf15_decision_tree-xgboost-grey-ternary,0.99460189,0.36278132,0.03852093,0.84684017,0.35995238,0.09052151
gamma,GB_Prio_5xInf15_decision_tree-xgboost-grey-ternary,0.98474904,0.20507185,0.47607170,0.91484090,0.23683491,0.23932348
brst-w,GB_Prio_5xInf15_decision_tree-xgboost-grey-ternary,0.99962324,0.06522173,0.23204176,0.96107272,0.08466165,0.24071237
parkns,GB_Prio_5xInf15_decision_tree-xgboost-grey-ternary,0.99934761,0.14404481,0.03908979,0.92746762,0.14468421,0.20558873
blood,GB_Prio_5xInf15_decision_tree-xgboost-grey-ternary,0.92631594,0.23811518,0.47945307,0.81665447,0.26852973,0.10049753
car,GB_Prio_5xInf15_decision_tree-xgboost-grey-ternary,0.99818155,0.01855700,0.80458189,0.98202904,0.02558005,0.67683332
vertebr,GB_Prio_5xInf15_decision_tree-xgboost-grey-ternary,0.99953406,0.22838710,0.27928969,0.89793981,0.25096774,0.30093268
bank,GB_Prio_5xInf15_decision_tree-xgboost-grey-ternary,0.99988557,0.00864914,0.48695444,0.99359701,0.02274410,0.36974693
diabet,GB_Prio_5xInf15_decision_tree-xgboost-grey-ternary,0.93179722,0.47311710,0.23388764,0.74087180,0.45276762,0.10496185
htru,GB_Prio_5xInf15_decision_tree-xgboost-grey-ternary,0.99978795,0.04601756,0.49320480,0.98779746,0.07827674,0.14716251
haber,GB_Prio_5xInf15_decision_tree-xgboost-grey-ternary,0.95582679,0.27902082,0.58354165,0.77231782,0.30606452,0.07838269
brst-c,GB_Prio_5xInf15_decision_tree-xgboost-grey-ternary,0.98776730,0.46344689,0.07366935,0.80521429,0.45939394,0.00881147
heart-f,GB_Prio_5xInf15_decision_tree-xgboost-grey-ternary,0.99790275,0.14678425,0.81951918,0.84983229,0.19678161,0.09147720
iono,GB_Prio_5xInf15_decision_tree-xgboost-grey-ternary,0.99979286,0.08097428,0.76395739,0.92042920,0.15792063,0.10812542
cerv-c,GB_Prio_5xInf15_decision_tree-xgboost-grey-ternary,0.99841382,0.16851442,0.12756165,0.88466667,0.17642857,0.15229446
rice,GB_Prio_5xInf15_decision_tree-xgboost-grey-ternary,0.99932222,0.11298338,0.70840724,0.96125265,0.18346457,0.23871014
churn,GB_Prio_5xInf15_decision_tree-xgboost-grey-ternary,0.99796044,0.07314286,0.54445411,0.97057993,0.08336508,0.38936072
taiwan,GB_Prio_5xInf15_decision_tree-xgboost-grey-ternary,0.99986293,0.04833880,0.43842750,0.98200937,0.06962906,0.23613428
letter,GB_Prio_5xInf15_decision_tree-xgboost-grey-ternary,0.99781041,0.15815444,0.54064337,0.97521079,0.16703000,0.54957551
drybean,GB_Prio_5xInf15_decision_tree-xgboost-grey-ternary,0.99763944,0.13193901,0.60560856,0.96354612,0.16942145,0.38291316
droid,GB_Prio_5xInf15_decision_tree-xgboost-grey-ternary,0.99745277,0.18443413,0.22588395,0.98791544,0.19047454,0.19566219
page,GB_Prio_5xInf15_decision_tree-xgboost-grey-ternary,0.99825540,0.03434231,0.58326474,0.98362589,0.05415665,0.32486546
sepsis,GB_Prio_5xInf15_decision_tree-xgboost-grey-ternary,0.96953764,0.48830525,0.09023496,0.96378017,0.48801258,0.07826431
raisin,GB_Prio_5xInf15_decision_tree-xgboost-grey-ternary,0.99869013,0.16535802,0.75383930,0.90484617,0.22288889,0.20893513
matern,GB_Prio_5xInf15_decision_tree-xgboost-grey-ternary,0.95350178,0.27538554,0.31898473,0.89962489,0.34145991,0.25614199
survey,GB_Prio_5xInf15_decision_tree-xgboost-grey-ternary,0.99263005,0.16288168,0.89575133,0.86556400,0.20298091,0.11131447
aids,GB_Prio_5xInf15_decision_tree-xgboost-grey-ternary,0.99833798,0.11453946,0.82085307,0.91255353,0.15268264,0.15339993
cdc-d,GB_Prio_5xInf15_decision_tree-xgboost-grey-ternary,0.95263168,0.27799608,0.36923479,0.91361033,0.29824976,0.20248243
spam,GB_Prio_5xInf15_decision_tree-xgboost-grey-ternary,0.99515495,0.10575987,0.35254208,0.95904629,0.13135980,0.22298438
sp-hrt,GB_Prio_5xInf15_decision_tree-xgboost-grey-ternary,0.99864908,0.19675346,0.75607379,0.84218725,0.25344729,0.17326362
