dataset,algorithm,hybrid_accuracy_train,hybrid_glass_train,hybrid_black_train,hybrid_reject_train,hybrid_kappa_train,hybrid_accuracy_test,hybrid_glass_test,hybrid_black_test,hybrid_reject_test,hybrid_kappa_test
151,1x5_Dynamic_Binary_Shallow,0.99273808,0.34466151,0.65533849,0.00000000,0.03728231,0.81080952,0.35742857,0.64257143,0.00000000,0.11198359
159,1x5_Dynamic_Binary_Shallow,0.92975581,0.50473420,0.49526580,0.00000000,0.17854071,0.87268139,0.50376446,0.49623554,0.00000000,0.18643054
17,1x5_Dynamic_Binary_Shallow,0.99421974,0.74204633,0.25795367,0.00000000,0.12380620,0.96028195,0.72686717,0.27313283,0.00000000,0.27879944
174,1x5_Dynamic_Binary_Shallow,0.99909026,0.51009805,0.48990195,0.00000000,0.02981327,0.91184211,0.50921053,0.49078947,0.00000000,0.17933967
176,1x5_Dynamic_Binary_Shallow,0.81996477,0.68528715,0.31471285,0.00000000,0.27204185,0.78584505,0.66926847,0.33073153,0.00000000,0.21663353
19,1x5_Dynamic_Binary_Shallow,0.99459892,0.63743534,0.36256466,0.00000000,0.44848546,0.98483264,0.63716225,0.36283775,0.00000000,0.44037130
212,1x5_Dynamic_Binary_Shallow,0.98344086,0.54093190,0.45906810,0.00000000,0.21473690,0.82967742,0.52258065,0.47741935,0.00000000,0.28272078
267,1x5_Dynamic_Binary_Shallow,0.99799163,0.73336702,0.26663298,0.00000000,0.17631655,0.99009309,0.72475722,0.27524278,0.00000000,0.18116680
329,1x5_Dynamic_Binary_Shallow,0.87498650,0.44213118,0.55786882,0.00000000,0.15465948,0.68029535,0.45142729,0.54857271,0.00000000,0.13672203
372,1x5_Dynamic_Binary_Shallow,0.98467241,0.87811562,0.12188438,0.00000000,0.16571856,0.98000908,0.87711348,0.12288652,0.00000000,0.17260965
43,1x5_Dynamic_Binary_Shallow,0.77646746,0.64637813,0.35362187,0.00000000,0.24803494,0.75154839,0.64765591,0.35234409,0.00000000,0.22904677
451,1x5_Dynamic_Binary_Shallow,0.92126374,0.37781502,0.62218498,0.00000000,0.06280959,0.77272727,0.41439394,0.58560606,0.00000000,0.05667173
519,1x5_Dynamic_Binary_Shallow,0.91980669,0.69989398,0.30010602,0.00000000,0.36982857,0.83940230,0.66567816,0.33432184,0.00000000,0.12728261
52,1x5_Dynamic_Binary_Shallow,0.96644525,0.75500080,0.24499920,0.00000000,0.38249285,0.91915873,0.74584127,0.25415873,0.00000000,0.27446968
537,1x5_Dynamic_Binary_Shallow,0.98826442,0.57260577,0.42739423,0.00000000,0.07645628,0.85214286,0.53964286,0.46035714,0.00000000,0.03808300
545,1x5_Dynamic_Binary_Shallow,0.93575386,0.73596967,0.26403033,0.00000000,0.27882448,0.92771654,0.73338583,0.26661417,0.00000000,0.26445738
563,1x5_Dynamic_Binary_Shallow,0.97674074,0.78799295,0.21200705,0.00000000,0.34876767,0.95384127,0.78793651,0.21206349,0.00000000,0.37223585
572,1x5_Dynamic_Binary_Shallow,0.99401344,0.89097797,0.10902203,0.00000000,0.28797843,0.97102213,0.88719621,0.11280379,0.00000000,0.29724324
59,1x5_Dynamic_Binary_Shallow,0.85826000,0.30325222,0.69674778,0.00000000,0.41566008,0.82393000,0.30282000,0.69718000,0.00000000,0.41257413
602,1x5_Dynamic_Binary_Shallow,0.93910317,0.68666523,0.31333477,0.00000000,0.47650179,0.91756700,0.68449016,0.31550984,0.00000000,0.46988110
722,1x5_Dynamic_Binary_Shallow,0.97158734,0.80722768,0.19277232,0.00000000,0.28777940,0.96624855,0.80817484,0.19182516,0.00000000,0.28267901
78,1x5_Dynamic_Binary_Shallow,0.98911020,0.84993811,0.15006189,0.00000000,0.26342284,0.97270393,0.84739702,0.15260298,0.00000000,0.28541435
827,1x5_Dynamic_Binary_Shallow,0.92632838,0.52150937,0.47849063,0.00000000,0.08472165,0.92632838,0.52135662,0.47864338,0.00000000,0.08291179
850,1x5_Dynamic_Binary_Shallow,0.91207407,0.65807407,0.34192593,0.00000000,0.30170407,0.87000000,0.65777778,0.34222222,0.00000000,0.24582895
863,1x5_Dynamic_Binary_Shallow,0.89020424,0.46342081,0.53657919,0.00000000,0.30801974,0.84629781,0.45942730,0.54057270,0.00000000,0.29779632
887,1x5_Dynamic_Binary_Shallow,0.86556453,0.74728145,0.25271855,0.00000000,0.26928295,0.84267254,0.74469549,0.25530451,0.00000000,0.22172085
890,1x5_Dynamic_Binary_Shallow,0.92017044,0.71402052,0.28597948,0.00000000,0.22752445,0.89107104,0.71399237,0.28600763,0.00000000,0.17247877
891,1x5_Dynamic_Binary_Shallow,0.86869477,0.63464636,0.36535364,0.00000000,0.26640040,0.86687717,0.63450804,0.36549196,0.00000000,0.26672346
94,1x5_Dynamic_Binary_Shallow,0.96842719,0.64212096,0.35787904,0.00000000,0.14412487,0.94340347,0.63912440,0.36087560,0.00000000,0.17116539
96,1x5_Dynamic_Binary_Shallow,0.96487898,0.65551037,0.34448963,0.00000000,0.61734845,0.80059829,0.64125356,0.35874644,0.00000000,0.33090278
151,1x5_Dynamic_Double_AR_Shallow,0.99430347,0.28452327,0.29936398,0.41611275,0.03096059,0.85028199,0.26128571,0.28785714,0.45085714,0.09759960
159,1x5_Dynamic_Double_AR_Shallow,0.95400997,0.37948358,0.14365814,0.47685828,0.11117055,0.92998067,0.37848580,0.14375394,0.47776025,0.13206859
17,1x5_Dynamic_Double_AR_Shallow,0.99814079,0.67432870,0.09791035,0.22776095,0.07907783,0.97741294,0.66182331,0.10792607,0.23025063,0.18516135
174,1x5_Dynamic_Double_AR_Shallow,0.99954690,0.48274545,0.28089740,0.23635714,0.02723430,0.93048530,0.46321053,0.27084211,0.26594737,0.16618475
176,1x5_Dynamic_Double_AR_Shallow,0.87379411,0.63623577,0.06616492,0.29759931,0.21463944,0.85172600,0.62144865,0.06925045,0.30930090,0.16855897
19,1x5_Dynamic_Double_AR_Shallow,0.99745228,0.60896291,0.24739066,0.14364643,0.31142894,0.99540329,0.60498723,0.24569633,0.14931644,0.31806324
212,1x5_Dynamic_Double_AR_Shallow,0.99736560,0.50351254,0.11519713,0.38129032,0.14329180,0.93489977,0.47548387,0.12645161,0.39806452,0.25870204
267,1x5_Dynamic_Double_AR_Shallow,0.99906187,0.59545021,0.09982065,0.30472914,0.05816319,0.99287512,0.58830424,0.09840157,0.31329419,0.06912168
329,1x5_Dynamic_Double_AR_Shallow,0.91735787,0.18065596,0.13802348,0.68132056,0.07931674,0.76311881,0.18542429,0.13884708,0.67572864,0.06836574
372,1x5_Dynamic_Double_AR_Shallow,0.99379278,0.85668052,0.02158893,0.12173055,0.13246855,0.99291166,0.85535726,0.02202554,0.12261719,0.14881445
43,1x5_Dynamic_Double_AR_Shallow,0.84650601,0.62189960,0.09725613,0.28084427,0.19719567,0.81137069,0.62167742,0.09675269,0.28156989,0.16142008
451,1x5_Dynamic_Double_AR_Shallow,0.96377979,0.23409158,0.21822527,0.54768315,0.03566818,0.76574344,0.22075758,0.21590909,0.56333333,-0.00688696
519,1x5_Dynamic_Double_AR_Shallow,0.96410312,0.56194107,0.11511607,0.32294286,0.25224513,0.87539689,0.50719540,0.15174713,0.34105747,0.11071268
52,1x5_Dynamic_Double_AR_Shallow,0.99053575,0.62317722,0.10495640,0.27186639,0.22123902,0.95828354,0.57787302,0.10655556,0.31557143,0.19827049
537,1x5_Dynamic_Double_AR_Shallow,0.99761021,0.50865385,0.23578365,0.25556250,0.07201020,0.85214286,0.44321429,0.29250000,0.26428571,-0.01285077
545,1x5_Dynamic_Double_AR_Shallow,0.98429221,0.71154272,0.03270341,0.25575386,0.25955647,0.98014761,0.70897638,0.03280840,0.25821522,0.25428299
563,1x5_Dynamic_Double_AR_Shallow,0.99080480,0.75153439,0.03235273,0.21611287,0.22404330,0.98306563,0.75104762,0.03136508,0.21758730,0.26804060
572,1x5_Dynamic_Double_AR_Shallow,0.99589572,0.86575105,0.02286732,0.11138164,0.16714573,0.99172625,0.86032982,0.02446273,0.11520745,0.25453982
59,1x5_Dynamic_Double_AR_Shallow,0.82012657,0.27872889,0.43443667,0.28683444,0.30262726,0.80685428,0.27869000,0.43418000,0.28713000,0.34068583
602,1x5_Dynamic_Double_AR_Shallow,0.98262038,0.52171901,0.06170161,0.41657937,0.22684607,0.97603439,0.51841535,0.06247997,0.41910468,0.23853156
722,1x5_Dynamic_Double_AR_Shallow,0.99031192,0.54481567,0.06517031,0.39001403,0.09165363,0.98751808,0.54416346,0.06447636,0.39136018,0.09240225
78,1x5_Dynamic_Double_AR_Shallow,0.99723853,0.79905417,0.04571514,0.15523068,0.16178455,0.99478812,0.79444428,0.04502289,0.16053283,0.21840800
827,1x5_Dynamic_Double_AR_Shallow,0.96551926,0.52150937,0.00000000,0.47849063,0.08472165,0.96467746,0.52135662,0.00000000,0.47864338,0.08291179
850,1x5_Dynamic_Double_AR_Shallow,0.95275718,0.60101235,0.07928395,0.31970370,0.23265487,0.92433536,0.59644444,0.07911111,0.32444444,0.19357051
863,1x5_Dynamic_Double_AR_Shallow,0.97105514,0.21188246,0.14607761,0.64203993,0.12052663,0.94176429,0.20074937,0.14311202,0.65613861,0.12147373
887,1x5_Dynamic_Double_AR_Shallow,0.92148406,0.60848535,0.08134876,0.31016589,0.23778504,0.90706811,0.60378739,0.08322938,0.31298323,0.20353376
890,1x5_Dynamic_Double_AR_Shallow,0.97608517,0.58269250,0.09022832,0.32707918,0.22092027,0.96173265,0.57149269,0.09069501,0.33781229,0.21217284
891,1x5_Dynamic_Double_AR_Shallow,0.93811960,0.62525754,0.06358141,0.31116104,0.25667744,0.93782006,0.62496846,0.06398061,0.31105093,0.25834731
94,1x5_Dynamic_Double_AR_Shallow,0.97615494,0.49712759,0.12519980,0.37767261,0.07689978,0.96382451,0.49159577,0.12340913,0.38499510,0.09499373
96,1x5_Dynamic_Double_AR_Shallow,0.99277520,0.55771819,0.04743430,0.39484751,0.33086727,0.92443784,0.49974359,0.08703704,0.41321937,0.27320013
151,1x5_Dynamic_Double_GB_Shallow,0.98861504,0.34466151,0.29936398,0.35597451,0.03333298,0.82912369,0.35742857,0.28785714,0.35471429,0.09518397
159,1x5_Dynamic_Double_GB_Shallow,0.92626211,0.50473420,0.14365814,0.35160766,0.13014538,0.90702067,0.50376446,0.14375394,0.35248160,0.15283834
17,1x5_Dynamic_Double_GB_Shallow,0.99372253,0.74204633,0.09791035,0.16004333,0.08969849,0.97694725,0.72686717,0.10792607,0.16520677,0.25092592
174,1x5_Dynamic_Double_GB_Shallow,0.99886091,0.51009805,0.28089740,0.20900455,0.02917677,0.93013201,0.50921053,0.27084211,0.21994737,0.18533639
176,1x5_Dynamic_Double_GB_Shallow,0.86285133,0.68528715,0.06616492,0.24854793,0.20435324,0.84375344,0.66926847,0.06925045,0.26148108,0.16635895
19,1x5_Dynamic_Double_GB_Shallow,0.99386751,0.63743534,0.24739066,0.11517400,0.36028214,0.98932379,0.63716225,0.24569633,0.11714142,0.35730511
212,1x5_Dynamic_Double_GB_Shallow,0.99329390,0.54093190,0.11519713,0.34387097,0.15630052,0.92650810,0.52258065,0.12645161,0.35096774,0.28042204
267,1x5_Dynamic_Double_GB_Shallow,0.99757190,0.73336702,0.09982065,0.16681233,0.11578297,0.98984298,0.72475722,0.09840157,0.17684121,0.12798282
329,1x5_Dynamic_Double_GB_Shallow,0.81670197,0.44213118,0.13802348,0.41984534,0.11125341,0.72142988,0.45142729,0.13884708,0.40972564,0.10459654
372,1x5_Dynamic_Double_GB_Shallow,0.99316214,0.87811562,0.02158893,0.10029545,0.15069974,0.99222582,0.87711348,0.02202554,0.10086098,0.16940750
43,1x5_Dynamic_Double_GB_Shallow,0.84119421,0.64637813,0.09725613,0.25636574,0.19668655,0.80728651,0.64765591,0.09675269,0.25559140,0.16054369
451,1x5_Dynamic_Double_GB_Shallow,0.95956506,0.37781502,0.21822527,0.40395971,0.05638504,0.75981746,0.41439394,0.21590909,0.36969697,-0.00021006
519,1x5_Dynamic_Double_GB_Shallow,0.93886825,0.69989398,0.11511607,0.18498995,0.32064636,0.86060892,0.66567816,0.15174713,0.18257471,0.11012037
52,1x5_Dynamic_Double_GB_Shallow,0.97977530,0.75500080,0.10495640,0.14004280,0.35867476,0.93876694,0.74584127,0.10655556,0.14760317,0.25722757
537,1x5_Dynamic_Double_GB_Shallow,0.99563744,0.57260577,0.23578365,0.19161058,0.08627139,0.86728571,0.53964286,0.29250000,0.16785714,0.04600911
545,1x5_Dynamic_Double_GB_Shallow,0.98173604,0.73596967,0.03270341,0.23132692,0.27418990,0.97715023,0.73338583,0.03280840,0.23380577,0.26659036
563,1x5_Dynamic_Double_GB_Shallow,0.98352089,0.78799295,0.03235273,0.17965432,0.24376670,0.97622671,0.78793651,0.03136508,0.18069841,0.28926367
572,1x5_Dynamic_Double_GB_Shallow,0.99345381,0.89097797,0.02286732,0.08615471,0.19236425,0.98924738,0.88719621,0.02446273,0.08834106,0.28388003
59,1x5_Dynamic_Double_GB_Shallow,0.80629478,0.30325222,0.43443667,0.26231111,0.32846143,0.79317250,0.30282000,0.43418000,0.26300000,0.36211668
602,1x5_Dynamic_Double_GB_Shallow,0.95982378,0.68666523,0.06170161,0.25163315,0.35615671,0.95332811,0.68449016,0.06247997,0.25302987,0.36151937
722,1x5_Dynamic_Double_GB_Shallow,0.98008903,0.80722768,0.06517031,0.12760201,0.23774967,0.97772862,0.80817484,0.06447636,0.12734880,0.23663134
78,1x5_Dynamic_Double_GB_Shallow,0.99477075,0.84993811,0.04571514,0.10434675,0.21187290,0.99115765,0.84739702,0.04502289,0.10758010,0.27317804
827,1x5_Dynamic_Double_GB_Shallow,0.96551926,0.52150937,0.00000000,0.47849063,0.08472165,0.96467746,0.52135662,0.00000000,0.47864338,0.08291179
850,1x5_Dynamic_Double_GB_Shallow,0.94364005,0.65807407,0.07928395,0.26264198,0.24902995,0.91785497,0.65777778,0.07911111,0.26311111,0.21187903
863,1x5_Dynamic_Double_GB_Shallow,0.88470503,0.46342081,0.14607761,0.39050158,0.19552659,0.85444977,0.45942730,0.14311202,0.39746069,0.18776761
887,1x5_Dynamic_Double_GB_Shallow,0.89512592,0.74728145,0.08134876,0.17136979,0.23756303,0.88465761,0.74469549,0.08322938,0.17207512,0.20826640
890,1x5_Dynamic_Double_GB_Shallow,0.94314982,0.71402052,0.09022832,0.19575116,0.21517392,0.92572211,0.71399237,0.09069501,0.19531262,0.17277520
891,1x5_Dynamic_Double_GB_Shallow,0.93665847,0.63464636,0.06358141,0.30177222,0.25952981,0.93632164,0.63450804,0.06398061,0.30151135,0.26121889
94,1x5_Dynamic_Double_GB_Shallow,0.95926428,0.64212096,0.12519980,0.23267924,0.10207627,0.94975208,0.63912440,0.12340913,0.23746647,0.12817457
96,1x5_Dynamic_Double_GB_Shallow,0.98322915,0.65551037,0.04743430,0.29705533,0.45435512,0.89300514,0.64125356,0.08703704,0.27170940,0.29954737
151,1x5_Dynamic_Ternary_Shallow,0.98605390,0.31393048,0.27430880,0.41176072,0.02675991,0.82938196,0.30395238,0.25633333,0.43971429,0.11546459
159,1x5_Dynamic_Ternary_Shallow,0.92452223,0.49736301,0.21477976,0.28785723,0.11495192,0.89346238,0.49646688,0.21501577,0.28851735,0.13616636
17,1x5_Dynamic_Ternary_Shallow,0.99695645,0.65738525,0.17006092,0.17255383,0.07850891,0.97596734,0.63818922,0.17769424,0.18411654,0.18149296
174,1x5_Dynamic_Ternary_Shallow,0.99943151,0.47544026,0.34050325,0.18405649,0.02776472,0.93901803,0.44505263,0.36152632,0.19342105,0.16949415
176,1x5_Dynamic_Ternary_Shallow,0.85945636,0.59562771,0.13974334,0.26462895,0.17339775,0.82741460,0.58366847,0.14958198,0.26674955,0.14481740
19,1x5_Dynamic_Ternary_Shallow,0.99489136,0.59097104,0.26682409,0.14220488,0.26888752,0.99411697,0.59051821,0.26709974,0.14238204,0.29219753
212,1x5_Dynamic_Ternary_Shallow,0.99065287,0.48860215,0.21634409,0.29505376,0.14498771,0.89488533,0.47096774,0.22967742,0.29935484,0.26995769
267,1x5_Dynamic_Ternary_Shallow,0.99889924,0.64442695,0.22512434,0.13044872,0.09121382,0.99326432,0.63803449,0.22141542,0.14055009,0.10438628
329,1x5_Dynamic_Ternary_Shallow,0.84403671,0.37015575,0.27483049,0.35501377,0.08779371,0.72446938,0.36800300,0.28449625,0.34750075,0.07464814
372,1x5_Dynamic_Ternary_Shallow,0.99036504,0.86596783,0.05668540,0.07734677,0.14573217,0.98795115,0.86506702,0.05753752,0.07739546,0.16042138
43,1x5_Dynamic_Ternary_Shallow,0.83521970,0.58377866,0.17106430,0.24515705,0.21101963,0.79216757,0.58959140,0.16901075,0.24139785,0.14790664
451,1x5_Dynamic_Ternary_Shallow,0.95661445,0.30089744,0.29767216,0.40143040,0.05053858,0.76390909,0.27272727,0.32500000,0.40227273,0.00873754
519,1x5_Dynamic_Ternary_Shallow,0.94287985,0.63425995,0.05164918,0.31409087,0.23113258,0.86282025,0.62613793,0.05022989,0.32363218,0.10048685
52,1x5_Dynamic_Ternary_Shallow,0.98818033,0.62898754,0.11322242,0.25779003,0.20858070,0.92487517,0.61590476,0.12352381,0.26057143,0.08991363
537,1x5_Dynamic_Ternary_Shallow,0.99465618,0.54138942,0.25489904,0.20371154,0.07545253,0.84280952,0.50000000,0.31107143,0.18892857,0.07159434
545,1x5_Dynamic_Ternary_Shallow,0.97862224,0.71962671,0.02520268,0.25517060,0.24261098,0.97196094,0.71653543,0.02398950,0.25947507,0.24319429
563,1x5_Dynamic_Ternary_Shallow,0.98603282,0.74031746,0.15150617,0.10817637,0.24464148,0.97092388,0.74209524,0.15041270,0.10749206,0.29288712
572,1x5_Dynamic_Ternary_Shallow,0.99476229,0.84786319,0.05686739,0.09526942,0.15540377,0.98597935,0.84631071,0.05657499,0.09711430,0.23299985
59,1x5_Dynamic_Ternary_Shallow,0.81708287,0.29712111,0.47784778,0.22503111,0.31831136,0.80155355,0.29675000,0.47700000,0.22625000,0.35217428
602,1x5_Dynamic_Ternary_Shallow,0.98787150,0.46994175,0.10680569,0.42325256,0.14377446,0.98119610,0.46744588,0.10751705,0.42503707,0.16023842
722,1x5_Dynamic_Ternary_Shallow,0.97494016,0.60416304,0.12709214,0.26874482,0.07019497,0.96976742,0.60451404,0.12693985,0.26854611,0.06769626
78,1x5_Dynamic_Ternary_Shallow,0.99612437,0.74030136,0.08223800,0.17746064,0.11492466,0.98926417,0.73944208,0.08262480,0.17793312,0.15636860
827,1x5_Dynamic_Ternary_Shallow,0.96711367,0.50164490,0.00000000,0.49835510,0.08191523,0.96624071,0.50166307,0.00000000,0.49833693,0.07994566
850,1x5_Dynamic_Ternary_Shallow,0.95250017,0.61313580,0.08454321,0.30232099,0.22634866,0.91389058,0.60844444,0.08733333,0.30422222,0.19697147
863,1x5_Dynamic_Ternary_Shallow,0.90315372,0.41871620,0.35772530,0.22355849,0.21010404,0.86105938,0.41721025,0.35617744,0.22661231,0.20666360
887,1x5_Dynamic_Ternary_Shallow,0.90036420,0.69376465,0.01153060,0.29470475,0.17810177,0.88426359,0.68946596,0.01255700,0.29797705,0.14844018
890,1x5_Dynamic_Ternary_Shallow,0.96080329,0.57763320,0.14341027,0.27895653,0.18765153,0.93719429,0.57158089,0.14567505,0.28274407,0.18449321
891,1x5_Dynamic_Ternary_Shallow,0.91107908,0.61166903,0.07260950,0.31572147,0.20400361,0.90963497,0.61157758,0.07262062,0.31580180,0.20480406
94,1x5_Dynamic_Ternary_Shallow,0.96528554,0.56283922,0.17239102,0.26476976,0.08197665,0.95124792,0.55835386,0.17514807,0.26649807,0.10102561
96,1x5_Dynamic_Ternary_Shallow,0.98289446,0.63728700,0.04035961,0.32235339,0.39015230,0.87324570,0.61190883,0.04111111,0.34698006,0.21510698
151,1x5_Dynamic_Binary_Deep,0.99807999,0.25416202,0.74583798,0.00000000,0.03496059,0.81552381,0.29157143,0.70842857,0.00000000,0.09626850
159,1x5_Dynamic_Binary_Deep,0.95097208,0.71191261,0.28808739,0.00000000,0.56395815,0.87690852,0.68424816,0.31575184,0.00000000,0.35277663
17,1x5_Dynamic_Binary_Deep,0.99761780,0.80472793,0.19527207,0.00000000,0.21990246,0.95781328,0.76837093,0.23162907,0.00000000,0.30712479
174,1x5_Dynamic_Binary_Deep,0.99931688,0.52752013,0.47247987,0.00000000,0.03271867,0.91073684,0.52594737,0.47405263,0.00000000,0.16025331
176,1x5_Dynamic_Binary_Deep,0.82088575,0.69765067,0.30234933,0.00000000,0.35441260,0.78611171,0.67723964,0.32276036,0.00000000,0.20294461
19,1x5_Dynamic_Binary_Deep,0.99873986,0.81508439,0.18491561,0.00000000,0.86937269,0.98320876,0.81007192,0.18992808,0.00000000,0.78688905
212,1x5_Dynamic_Binary_Deep,0.98329749,0.58716846,0.41283154,0.00000000,0.26573120,0.82516129,0.57483871,0.42516129,0.00000000,0.29481808
267,1x5_Dynamic_Binary_Deep,0.99996761,0.89410356,0.10589644,0.00000000,0.47695239,0.98892309,0.87115942,0.12884058,0.00000000,0.39229250
329,1x5_Dynamic_Binary_Deep,0.91952638,0.38832281,0.61167719,0.00000000,0.26859560,0.68532234,0.40832834,0.59167166,0.00000000,0.14764077
372,1x5_Dynamic_Binary_Deep,0.98474069,0.95269984,0.04730016,0.00000000,0.56148694,0.97995320,0.91382270,0.08617730,0.00000000,0.18439140
43,1x5_Dynamic_Binary_Deep,0.77690198,0.64405455,0.35594545,0.00000000,0.32970184,0.75088172,0.64716129,0.35283871,0.00000000,0.19879621
451,1x5_Dynamic_Binary_Deep,0.91627656,0.28941026,0.71058974,0.00000000,0.05839103,0.77242424,0.31242424,0.68757576,0.00000000,0.03093006
519,1x5_Dynamic_Binary_Deep,0.94351590,0.82430291,0.17569709,0.00000000,0.89940687,0.83140230,0.77149425,0.22850575,0.00000000,0.08539484
52,1x5_Dynamic_Binary_Deep,0.97454933,0.87180008,0.12819992,0.00000000,0.79735877,0.91630159,0.81700000,0.18300000,0.00000000,0.22179117
537,1x5_Dynamic_Binary_Deep,0.98826442,0.57108173,0.42891827,0.00000000,0.07708744,0.85214286,0.53035714,0.46964286,0.00000000,0.05890685
545,1x5_Dynamic_Binary_Deep,0.93603383,0.85498396,0.14501604,0.00000000,0.61384736,0.92755906,0.80309711,0.19690289,0.00000000,0.26960353
563,1x5_Dynamic_Binary_Deep,0.98713933,0.86661728,0.13338272,0.00000000,0.65553062,0.95555556,0.85898413,0.14101587,0.00000000,0.50326491
572,1x5_Dynamic_Binary_Deep,0.99974581,0.93805217,0.06194783,0.00000000,0.59882967,0.97093415,0.91591127,0.08408873,0.00000000,0.30889629
59,1x5_Dynamic_Binary_Deep,0.99794556,0.16741111,0.83258889,0.00000000,0.72294614,0.95665000,0.16870000,0.83130000,0.00000000,0.70000405
602,1x5_Dynamic_Binary_Deep,0.95766659,0.75696458,0.24303542,0.00000000,0.76160573,0.92667727,0.73198107,0.26801893,0.00000000,0.60618314
722,1x5_Dynamic_Binary_Deep,0.97975665,0.88138779,0.11861221,0.00000000,0.59083902,0.96913959,0.87785374,0.12214626,0.00000000,0.49390429
78,1x5_Dynamic_Binary_Deep,0.99108757,0.94695983,0.05304017,0.00000000,0.68846089,0.97306936,0.92519776,0.07480224,0.00000000,0.40807108
827,1x5_Dynamic_Binary_Deep,0.92632838,0.51500107,0.48499893,0.00000000,0.08910392,0.92632838,0.51515938,0.48484062,0.00000000,0.07900715
850,1x5_Dynamic_Binary_Deep,0.91518519,0.81681481,0.18318519,0.00000000,0.80531430,0.86600000,0.75022222,0.24977778,0.00000000,0.28100940
863,1x5_Dynamic_Binary_Deep,0.91742266,0.43261032,0.56738968,0.00000000,0.38543241,0.86013007,0.41797127,0.58202873,0.00000000,0.34331297
887,1x5_Dynamic_Binary_Deep,0.87348571,0.83082611,0.16917389,0.00000000,0.93174936,0.84284875,0.78674666,0.21325334,0.00000000,0.16579940
890,1x5_Dynamic_Binary_Deep,0.93838239,0.86228248,0.13771752,0.00000000,0.83936109,0.89238208,0.84067965,0.15932035,0.00000000,0.18253132
891,1x5_Dynamic_Binary_Deep,0.86960291,0.70327674,0.29672326,0.00000000,0.41043166,0.86667376,0.68055030,0.31944970,0.00000000,0.24426813
94,1x5_Dynamic_Binary_Deep,0.98907482,0.76849937,0.23150063,0.00000000,0.42768922,0.94735943,0.74388447,0.25611553,0.00000000,0.30518497
96,1x5_Dynamic_Binary_Deep,0.97378285,0.76380221,0.23619779,0.00000000,0.91094290,0.79757835,0.72575499,0.27424501,0.00000000,0.27754411
151,1x5_Dynamic_Double_AR_Deep,0.99876067,0.23279952,0.37501820,0.39218227,0.03588317,0.85241653,0.21261905,0.35752381,0.42985714,0.08615685
159,1x5_Dynamic_Double_AR_Deep,0.99173225,0.57521206,0.09037972,0.33440823,0.30828288,0.93761637,0.51754995,0.11257624,0.36987382,0.21157920
17,1x5_Dynamic_Double_AR_Deep,0.99995789,0.79871360,0.11708295,0.08420344,0.19668890,0.96965373,0.74093985,0.14130952,0.11775063,0.26758966
174,1x5_Dynamic_Double_AR_Deep,0.99960000,0.51737338,0.31760260,0.16502403,0.03301882,0.93422479,0.49115789,0.31500000,0.19384211,0.18822987
176,1x5_Dynamic_Double_AR_Deep,0.90509013,0.64004696,0.06604265,0.29391039,0.33467819,0.84392889,0.60927207,0.07514955,0.31557838,0.15053616
19,1x5_Dynamic_Double_AR_Deep,0.99899191,0.80358761,0.16410815,0.03230424,0.71011335,0.98884483,0.79362952,0.16249294,0.04387754,0.63556002
212,1x5_Dynamic_Double_AR_Deep,0.99921408,0.57125448,0.16301075,0.26573477,0.22381243,0.91636432,0.51935484,0.17290323,0.30774194,0.30229131
267,1x5_Dynamic_Double_AR_Deep,0.99996701,0.89070214,0.09512524,0.01417261,0.42539450,0.99288955,0.84943933,0.10945943,0.04110124,0.30554967
329,1x5_Dynamic_Double_AR_Deep,0.98933261,0.19725871,0.13501186,0.66772943,0.14112089,0.76865614,0.19097001,0.16595502,0.64307496,0.08008346
372,1x5_Dynamic_Double_AR_Deep,0.99997141,0.94132802,0.01389233,0.04477965,0.50170365,0.98973696,0.87756134,0.04088725,0.08155142,0.16008956
43,1x5_Dynamic_Double_AR_Deep,0.91421604,0.58050935,0.11031831,0.30917233,0.38043581,0.80014251,0.56086022,0.11374194,0.32539785,0.12573484
451,1x5_Dynamic_Double_AR_Deep,0.97801308,0.21891941,0.24513736,0.53594322,0.05085451,0.75356349,0.16803030,0.28287879,0.54909091,-0.04347176
519,1x5_Dynamic_Double_AR_Deep,0.99722164,0.72314581,0.03151315,0.24534104,0.51633711,0.87036536,0.59749425,0.11689655,0.28560920,0.11008727
52,1x5_Dynamic_Double_AR_Deep,0.99992565,0.81868455,0.04317581,0.13813964,0.50773006,0.93941801,0.68480952,0.11173016,0.20346032,0.19651796
537,1x5_Dynamic_Double_AR_Deep,0.99840207,0.52901923,0.24562019,0.22536058,0.08779028,0.86695238,0.45928571,0.31071429,0.23000000,0.04183558
545,1x5_Dynamic_Double_AR_Deep,0.99851810,0.82689414,0.02876640,0.14433946,0.56437962,0.96511916,0.75076115,0.05296588,0.19627297,0.25030742
563,1x5_Dynamic_Double_AR_Deep,0.99890908,0.84471252,0.06037390,0.09491358,0.46925744,0.97627494,0.82273016,0.07301587,0.10425397,0.38258202
572,1x5_Dynamic_Double_AR_Deep,0.99997202,0.92057812,0.01309412,0.06632776,0.34204736,0.98722072,0.87930713,0.03469768,0.08599519,0.27017050
59,1x5_Dynamic_Double_AR_Deep,0.99819224,0.16385000,0.66849000,0.16766000,0.51595594,0.97450960,0.16254000,0.66199000,0.17547000,0.52134990
602,1x5_Dynamic_Double_AR_Deep,0.99889538,0.71552752,0.11729729,0.16717519,0.52469643,0.97459601,0.66278735,0.12506100,0.21215165,0.37259611
722,1x5_Dynamic_Double_AR_Deep,0.99891963,0.77340712,0.02371774,0.20287514,0.23740960,0.99223828,0.76418259,0.02790812,0.20790929,0.21596764
78,1x5_Dynamic_Double_AR_Deep,0.99880306,0.93350392,0.01944493,0.04705114,0.49204120,0.98787734,0.90031225,0.03343686,0.06625088,0.35531551
827,1x5_Dynamic_Double_AR_Deep,0.96847989,0.51500107,0.00000000,0.48499893,0.08910392,0.96366635,0.51515938,0.00000000,0.48484062,0.07900715
850,1x5_Dynamic_Double_AR_Deep,0.99914975,0.77059259,0.02051852,0.20888889,0.62500259,0.91919938,0.65111111,0.08688889,0.26200000,0.23426466
863,1x5_Dynamic_Double_AR_Deep,0.97468619,0.34891655,0.27488535,0.37619809,0.28129698,0.92371173,0.31951854,0.24120171,0.43927975,0.23358637
887,1x5_Dynamic_Double_AR_Deep,0.98935242,0.76152517,0.01621339,0.22226145,0.71118989,0.88879382,0.65057964,0.09630806,0.25311230,0.17694361
890,1x5_Dynamic_Double_AR_Deep,0.99786063,0.78482185,0.02091313,0.19426502,0.54321196,0.94137562,0.70603835,0.07713703,0.21682462,0.23953292
891,1x5_Dynamic_Double_AR_Deep,0.96460259,0.63264358,0.07796270,0.28939372,0.38165406,0.92871680,0.59165405,0.09624488,0.31210107,0.22574999
94,1x5_Dynamic_Double_AR_Deep,0.99795156,0.71103849,0.13610587,0.15285564,0.29061177,0.97217508,0.65529539,0.15313789,0.19156673,0.22510296
96,1x5_Dynamic_Double_AR_Deep,0.99729656,0.61473237,0.01996923,0.36529841,0.38800566,0.92365506,0.53572650,0.07413105,0.39014245,0.29217645
151,1x5_Dynamic_Double_GB_Deep,0.99699113,0.25416202,0.37501820,0.37081977,0.03767522,0.83927089,0.29157143,0.35752381,0.35090476,0.10141200
159,1x5_Dynamic_Double_GB_Deep,0.96941439,0.71191261,0.09037972,0.19770768,0.44448427,0.91031929,0.68424816,0.11257624,0.20317560,0.26838384
17,1x5_Dynamic_Double_GB_Deep,0.99974617,0.80472793,0.11708295,0.07818911,0.20706361,0.96619604,0.76837093,0.14130952,0.09031955,0.29172158
174,1x5_Dynamic_Double_GB_Deep,0.99920412,0.52752013,0.31760260,0.15487727,0.03324464,0.92549908,0.52594737,0.31500000,0.15905263,0.15492347
176,1x5_Dynamic_Double_GB_Deep,0.88374471,0.69765067,0.06604265,0.23630667,0.30445192,0.83367480,0.67723964,0.07514955,0.24761081,0.14442066
19,1x5_Dynamic_Double_GB_Deep,0.99871476,0.81508439,0.16410815,0.02080745,0.81015371,0.98597547,0.81007192,0.16249294,0.02743514,0.71534838
212,1x5_Dynamic_Double_GB_Deep,0.99695991,0.58716846,0.16301075,0.24982079,0.23222910,0.90233732,0.57483871,0.17290323,0.25225806,0.31517512
267,1x5_Dynamic_Double_GB_Deep,0.99996715,0.89410356,0.09512524,0.01077120,0.46314344,0.98960286,0.87115942,0.10945943,0.01938115,0.37353977
329,1x5_Dynamic_Double_GB_Deep,0.89364868,0.38832281,0.13501186,0.47666532,0.19239927,0.72877859,0.40832834,0.16595502,0.42571664,0.10884464
372,1x5_Dynamic_Double_GB_Deep,0.99994347,0.95269984,0.01389233,0.03340783,0.61560720,0.98814910,0.91382270,0.04088725,0.04529005,0.20665056
43,1x5_Dynamic_Double_GB_Deep,0.87611796,0.64405455,0.11031831,0.24562714,0.31576576,0.78977696,0.64716129,0.11374194,0.23909677,0.12122028
451,1x5_Dynamic_Double_GB_Deep,0.97769341,0.28941026,0.24513736,0.46545238,0.06369886,0.75508369,0.31242424,0.28287879,0.40469697,-0.00770427
519,1x5_Dynamic_Double_GB_Deep,0.99433587,0.82430291,0.03151315,0.14418395,0.80813970,0.84816246,0.77149425,0.11689655,0.11160920,0.08325825
52,1x5_Dynamic_Double_GB_Deep,0.99964830,0.87180008,0.04317581,0.08502411,0.74156184,0.92123943,0.81700000,0.11173016,0.07126984,0.20018907
537,1x5_Dynamic_Double_GB_Deep,0.99598814,0.57108173,0.24562019,0.18329808,0.09359304,0.87238095,0.53035714,0.31071429,0.15892857,0.06764829
545,1x5_Dynamic_Double_GB_Deep,0.99747740,0.85498396,0.02876640,0.11624964,0.65525568,0.95850121,0.80309711,0.05296588,0.14393701,0.27067809
563,1x5_Dynamic_Double_GB_Deep,0.99759617,0.86661728,0.06037390,0.07300882,0.55678703,0.96875925,0.85898413,0.07301587,0.06800000,0.41431926
572,1x5_Dynamic_Double_GB_Deep,0.99973251,0.93805217,0.01309412,0.04885370,0.44797763,0.98289277,0.91591127,0.03469768,0.04939105,0.31086598
59,1x5_Dynamic_Double_GB_Deep,0.99753900,0.16741111,0.66849000,0.16409889,0.53350381,0.97300684,0.16870000,0.66199000,0.16931000,0.54658241
602,1x5_Dynamic_Double_GB_Deep,0.99461007,0.75696458,0.11729729,0.12573813,0.62679087,0.96349348,0.73198107,0.12506100,0.14295793,0.44949569
722,1x5_Dynamic_Double_GB_Deep,0.99317916,0.88138779,0.02371774,0.09489447,0.42512809,0.98410023,0.87785374,0.02790812,0.09423813,0.36038969
78,1x5_Dynamic_Double_GB_Deep,0.99818511,0.94695983,0.01944493,0.03359524,0.60513549,0.98332077,0.92519776,0.03343686,0.04136538,0.37360225
827,1x5_Dynamic_Double_GB_Deep,0.96847989,0.51500107,0.00000000,0.48499893,0.08910392,0.96366635,0.51515938,0.00000000,0.48484062,0.07900715
850,1x5_Dynamic_Double_GB_Deep,0.99817606,0.81681481,0.02051852,0.16266667,0.76291984,0.90321419,0.75022222,0.08688889,0.16288889,0.25173432
863,1x5_Dynamic_Double_GB_Deep,0.94126915,0.43261032,0.27488535,0.29250432,0.28091971,0.88839708,0.41797127,0.24120171,0.34082702,0.23349671
887,1x5_Dynamic_Double_GB_Deep,0.98551503,0.83082611,0.01621339,0.15296050,0.90263487,0.86820399,0.78674666,0.09630806,0.11694528,0.15613686
890,1x5_Dynamic_Double_GB_Deep,0.99416472,0.86228248,0.02091313,0.11680439,0.79169883,0.90923874,0.84067965,0.07713703,0.08218332,0.16735112
891,1x5_Dynamic_Double_GB_Deep,0.95262254,0.70327674,0.07796270,0.21876056,0.43162749,0.91578569,0.68055030,0.09624488,0.22320482,0.24548838
94,1x5_Dynamic_Double_GB_Deep,0.98849307,0.76849937,0.13610587,0.09539476,0.37473960,0.95757026,0.74388447,0.15313789,0.10297765,0.26184891
96,1x5_Dynamic_Double_GB_Deep,0.99646884,0.76380221,0.01996923,0.21622856,0.71464103,0.86339024,0.72575499,0.07413105,0.20011396,0.26374000
151,1x5_Dynamic_Ternary_Deep,0.99406662,0.27246615,0.34312436,0.38440949,0.03439455,0.82411919,0.29628571,0.30719048,0.39652381,0.10407642
159,1x5_Dynamic_Ternary_Deep,0.98444627,0.68438836,0.10802197,0.20758967,0.46931465,0.91470450,0.63051525,0.13124080,0.23824395,0.23526464
17,1x5_Dynamic_Ternary_Deep,0.99987577,0.81761399,0.11220288,0.07018313,0.22523178,0.96872714,0.76768797,0.14276316,0.08954887,0.27700273
174,1x5_Dynamic_Ternary_Deep,0.99960783,0.56204870,0.29389610,0.14405519,0.03793963,0.92454602,0.49642105,0.33963158,0.16394737,0.14274054
176,1x5_Dynamic_Ternary_Deep,0.92458925,0.70611981,0.05585130,0.23802889,0.47609803,0.82147565,0.65666667,0.08584144,0.25749189,0.11225176
19,1x5_Dynamic_Ternary_Deep,0.99824369,0.81418407,0.16617877,0.01963716,0.80516297,0.98288724,0.80508671,0.16771273,0.02720056,0.67513380
212,1x5_Dynamic_Ternary_Deep,0.99877253,0.61634409,0.14616487,0.23749104,0.25823629,0.88824650,0.57032258,0.19935484,0.23032258,0.31794857
267,1x5_Dynamic_Ternary_Deep,0.99995101,0.89541602,0.09538402,0.00919996,0.46960741,0.99134169,0.86751084,0.10975669,0.02273247,0.34602872
329,1x5_Dynamic_Ternary_Deep,0.94134789,0.35171436,0.15016832,0.49811732,0.22979389,0.73810052,0.35622639,0.18870765,0.45506597,0.09521017
372,1x5_Dynamic_Ternary_Deep,0.99979807,0.94288743,0.01080196,0.04631061,0.49121030,0.98828652,0.90632483,0.01383386,0.07984131,0.14973294
43,1x5_Dynamic_Ternary_Deep,0.93540936,0.61536522,0.10765402,0.27698076,0.51496215,0.77748807,0.57901075,0.12260215,0.29838710,0.08384619
451,1x5_Dynamic_Ternary_Deep,0.99115593,0.28562821,0.25624725,0.45812454,0.07056976,0.77710967,0.25969697,0.31272727,0.42757576,0.01841742
519,1x5_Dynamic_Ternary_Deep,0.99644457,0.83106870,0.02162688,0.14730442,0.81558355,0.84766767,0.76993103,0.02813793,0.20193103,0.09167867
52,1x5_Dynamic_Ternary_Deep,0.99992857,0.87198674,0.04229234,0.08572092,0.74192094,0.92128196,0.77249206,0.06731746,0.16019048,0.12686234
537,1x5_Dynamic_Ternary_Deep,0.99848811,0.57407212,0.23859615,0.18733173,0.10379875,0.83414286,0.50250000,0.31928571,0.17821429,0.06688130
545,1x5_Dynamic_Ternary_Deep,0.99954907,0.87843686,0.00487606,0.11668708,0.69463068,0.96032154,0.81511811,0.00488189,0.18000000,0.23818731
563,1x5_Dynamic_Ternary_Deep,0.99799317,0.86043739,0.06417637,0.07538624,0.53923711,0.97094043,0.84596825,0.06965079,0.08438095,0.38670158
572,1x5_Dynamic_Ternary_Deep,0.99988019,0.93278253,0.01803461,0.04918286,0.43120619,0.98340862,0.90438539,0.02434310,0.07127150,0.25065793
59,1x5_Dynamic_Ternary_Deep,0.99837209,0.16563333,0.67230222,0.16206444,0.53338266,0.97537948,0.16514000,0.66615000,0.16871000,0.54240658
602,1x5_Dynamic_Ternary_Deep,0.99761692,0.74316691,0.12485651,0.13197659,0.60410406,0.96369336,0.69922893,0.13193801,0.16883306,0.38306169
722,1x5_Dynamic_Ternary_Deep,0.99750007,0.78090974,0.03373335,0.18535691,0.22572171,0.98769471,0.77589669,0.03378562,0.19031768,0.19529774
78,1x5_Dynamic_Ternary_Deep,0.99824577,0.94456427,0.02037882,0.03505691,0.57655820,0.98362629,0.91946003,0.02623761,0.05430237,0.32465163
827,1x5_Dynamic_Ternary_Deep,0.96953764,0.51169475,0.00000000,0.48830525,0.09023496,0.96378017,0.51198742,0.00000000,0.48801258,0.07826431
850,1x5_Dynamic_Ternary_Deep,0.99914087,0.81671605,0.01627160,0.16701235,0.75585996,0.90964654,0.74311111,0.03244444,0.22444444,0.24283878
863,1x5_Dynamic_Ternary_Deep,0.95397140,0.42489621,0.27981764,0.29528614,0.30485706,0.90323733,0.39408659,0.23842749,0.36748593,0.23638945
887,1x5_Dynamic_Ternary_Deep,0.99271581,0.83262138,0.00284849,0.16453013,0.89215088,0.87112057,0.79841719,0.00333797,0.19824484,0.13798740
890,1x5_Dynamic_Ternary_Deep,0.99865906,0.85978901,0.02264817,0.11756282,0.81271662,0.91399174,0.82039533,0.02907551,0.15052916,0.16239795
891,1x5_Dynamic_Ternary_Deep,0.95298251,0.68803006,0.03391350,0.27805643,0.36997032,0.91407812,0.66635446,0.03557868,0.29806686,0.20366723
94,1x5_Dynamic_Ternary_Deep,0.99496021,0.73813395,0.15325188,0.10861417,0.34395171,0.95953922,0.69880836,0.17069952,0.13049212,0.22244941
96,1x5_Dynamic_Ternary_Deep,0.99905896,0.77286929,0.02396646,0.20316425,0.74623487,0.84845520,0.72658120,0.02917379,0.24424501,0.20325632
